=== RI-CLPM MULTIVARIATE (cumulative models) ===

Equality Constraints: AR, Cross-Lagged, Innovation Variances/Covariances
Estimator: ML
n = 970 , m = 20 

============================================================
STATE: STATE_E 
============================================================

--- Model 0 : state_e ---
Converged: 20 / 20 

Pooled parameters (Rubin's Rules):
                est     se        z p    fmi
rim_c1       4.5088 0.0424 106.4421 0 0.0089
mt_trait_e   5.5338 0.0499 110.9143 0 0.0000
ar_c1        0.0979 0.0077  12.7682 0 0.2286
v1_c1        2.4784 0.1238  20.0120 0 0.1215
innov_c1     2.1818 0.0198 110.2438 0 0.1633
RIvar_c1     1.6454 0.0789  20.8503 0 0.0146
v_trait_e    2.4146 0.1096  22.0227 0 0.0000
c_c1_trait_e 0.8145 0.0708  11.4966 0 0.0082

RI-Trait correlations (standardized):
                est     se p
c_c1_trait_e 0.4086 0.0277 0

Mean fit indices:
     chisq         df     pvalue        cfi        tli      rmsea       srmr 
15202.8531   586.0000     0.0000     0.4989     0.5485     0.1604     0.0467 


--- Model 1 : state_e + sociability ---
Converged: 20 / 20 

Pooled parameters (Rubin's Rules):
                 est     se        z      p    fmi
rim_c1        4.5077 0.0424 106.4115 0.0000 0.0088
rim_c2        5.0487 0.0453 111.5624 0.0000 0.0268
mt_trait_e    5.5338 0.0499 110.9143 0.0000 0.0000
ar_c1         0.1076 0.0102  10.5893 0.0000 0.2834
ar_c2         0.0481 0.0105   4.5814 0.0000 0.3268
cl_c2_c1     -0.0081 0.0054  -1.4874 0.1369 0.3061
cl_c1_c2      0.0787 0.0185   4.2453 0.0000 0.2346
v1_c1         2.4836 0.1240  20.0326 0.0000 0.1209
v1_c2         7.7722 0.3780  20.5631 0.0000 0.0748
cov1_c1c2     2.8626 0.1826  15.6796 0.0000 0.0976
innov_c1      2.1814 0.0198 110.3273 0.0000 0.1621
innov_c2      7.8727 0.0685 114.8964 0.0000 0.0915
icov_c1c2     2.5865 0.0308  84.1150 0.0000 0.1315
RIvar_c1      1.6457 0.0789  20.8502 0.0000 0.0146
RIvar_c2      1.6578 0.0896  18.5032 0.0000 0.0381
RIcov_c1c2    1.1477 0.0717  15.9990 0.0000 0.0221
v_trait_e     2.4146 0.1096  22.0227 0.0000 0.0000
c_c1_trait_e  0.8142 0.0708  11.4928 0.0000 0.0082
c_c2_trait_e  0.7099 0.0737   9.6312 0.0000 0.0185

RI-Trait correlations (standardized):
                est     se p
c_c1_trait_e 0.4085 0.0277 0
c_c2_trait_e 0.3548 0.0310 0

Mean fit indices:
     chisq         df     pvalue        cfi        tli      rmsea       srmr 
30774.9339  2191.0000     0.0000     0.5429     0.5661     0.1160     0.0451 


--- Model 2 : state_e + sociability + happiness ---
Converged: 20 / 20 

Pooled parameters (Rubin's Rules):
                 est     se        z      p    fmi
rim_c1        4.5080 0.0424 106.4053 0.0000 0.0089
rim_c2        5.0495 0.0453 111.5393 0.0000 0.0277
rim_c3        5.8697 0.0439 133.5633 0.0000 0.0149
mt_trait_e    5.5338 0.0499 110.9143 0.0000 0.0000
ar_c1         0.1004 0.0103   9.7498 0.0000 0.2712
ar_c2         0.0466 0.0105   4.4298 0.0000 0.3257
ar_c3         0.1359 0.0088  15.5055 0.0000 0.3436
cl_c2_c1     -0.0089 0.0054  -1.6336 0.1023 0.3077
cl_c3_c1      0.0235 0.0070   3.3415 0.0008 0.2426
cl_c1_c2      0.0652 0.0191   3.4051 0.0007 0.2478
cl_c3_c2      0.0447 0.0145   3.0729 0.0021 0.3609
cl_c1_c3      0.0375 0.0116   3.2346 0.0012 0.2520
cl_c2_c3     -0.0014 0.0062  -0.2319 0.8166 0.2914
v1_c1         2.4832 0.1240  20.0328 0.0000 0.1209
v1_c2         7.7718 0.3781  20.5552 0.0000 0.0756
v1_c3         2.6633 0.1372  19.4159 0.0000 0.1576
cov1_c1c2     2.8622 0.1826  15.6726 0.0000 0.0983
cov1_c1c3     0.8216 0.0968   8.4873 0.0000 0.1391
cov1_c2c3     0.9342 0.1744   5.3569 0.0000 0.2151
innov_c1      2.1804 0.0198 110.1958 0.0000 0.1641
innov_c2      7.8691 0.0686 114.7513 0.0000 0.0938
innov_c3      2.8754 0.0255 112.7117 0.0000 0.1254
icov_c1c2     2.5847 0.0308  83.8372 0.0000 0.1369
icov_c1c3     0.7666 0.0175  43.9132 0.0000 0.2256
icov_c2c3     1.1226 0.0316  35.5535 0.0000 0.1754
RIvar_c1      1.6458 0.0789  20.8468 0.0000 0.0149
RIvar_c2      1.6571 0.0896  18.4891 0.0000 0.0392
RIvar_c3      1.7332 0.0844  20.5283 0.0000 0.0145
RIcov_c1c2    1.1477 0.0718  15.9903 0.0000 0.0231
RIcov_c1c3    0.8500 0.0642  13.2389 0.0000 0.0084
RIcov_c2c3    0.7269 0.0664  10.9545 0.0000 0.0235
v_trait_e     2.4146 0.1096  22.0227 0.0000 0.0000
c_c1_trait_e  0.8141 0.0709  11.4892 0.0000 0.0083
c_c2_trait_e  0.7098 0.0737   9.6281 0.0000 0.0191
c_c3_trait_e  0.6148 0.0708   8.6868 0.0000 0.0051

RI-Trait correlations (standardized):
                est     se p
c_c1_trait_e 0.4084 0.0277 0
c_c2_trait_e 0.3548 0.0310 0
c_c3_trait_e 0.3006 0.0303 0

Mean fit indices:
     chisq         df     pvalue        cfi        tli      rmsea       srmr 
47387.8844  4815.0000     0.0000     0.5376     0.5529     0.0955     0.0419 


--- Model 3 : state_e + sociability + happiness + tiredness ---
Converged: 20 / 20 

Pooled parameters (Rubin's Rules):
                 est     se        z      p    fmi
rim_c1        4.5042 0.0424 106.2371 0.0000 0.0091
rim_c2        5.0443 0.0453 111.3157 0.0000 0.0271
rim_c3        5.8685 0.0440 133.5184 0.0000 0.0154
rim_c4        5.4945 0.0459 119.6667 0.0000 0.0082
mt_trait_e    5.5338 0.0499 110.9153 0.0000 0.0000
ar_c1         0.0945 0.0103   9.1350 0.0000 0.2659
ar_c2         0.0470 0.0106   4.4465 0.0000 0.3316
ar_c3         0.1330 0.0088  15.0829 0.0000 0.3425
ar_c4         0.1474 0.0078  18.8400 0.0000 0.2253
cl_c2_c1     -0.0085 0.0054  -1.5645 0.1177 0.3126
cl_c3_c1      0.0195 0.0070   2.7766 0.0055 0.2302
cl_c4_c1     -0.0280 0.0064  -4.3429 0.0000 0.3184
cl_c1_c2      0.0586 0.0196   2.9910 0.0028 0.2696
cl_c3_c2      0.0401 0.0145   2.7561 0.0058 0.3522
cl_c4_c2     -0.0317 0.0124  -2.5647 0.0103 0.3338
cl_c1_c3      0.0332 0.0116   2.8678 0.0041 0.2340
cl_c2_c3     -0.0011 0.0062  -0.1817 0.8558 0.2906
cl_c4_c3     -0.0205 0.0075  -2.7479 0.0060 0.3320
cl_c1_c4      0.0632 0.0124   5.0952 0.0000 0.1693
cl_c2_c4      0.0237 0.0068   3.4770 0.0005 0.2784
cl_c3_c4     -0.0444 0.0089  -4.9824 0.0000 0.2152
v1_c1         2.4785 0.1237  20.0351 0.0000 0.1211
v1_c2         7.7629 0.3775  20.5648 0.0000 0.0750
v1_c3         2.6630 0.1372  19.4148 0.0000 0.1578
v1_c4         4.0043 0.2041  19.6217 0.0000 0.1519
cov1_c1c2     2.8558 0.1822  15.6738 0.0000 0.0978
cov1_c1c3     0.8192 0.0967   8.4692 0.0000 0.1401
cov1_c1c4    -0.7174 0.1177  -6.0930 0.0000 0.1739
cov1_c2c3     0.9310 0.1743   5.3413 0.0000 0.2156
cov1_c2c4    -0.8976 0.2084  -4.3066 0.0000 0.1950
cov1_c3c4    -0.5849 0.1260  -4.6430 0.0000 0.2305
innov_c1      2.1781 0.0198 109.7886 0.0000 0.1702
innov_c2      7.8655 0.0685 114.7729 0.0000 0.0935
innov_c3      2.8743 0.0256 112.4408 0.0000 0.1296
innov_c4      3.5822 0.0319 112.3212 0.0000 0.1314
icov_c1c2     2.5819 0.0308  83.7024 0.0000 0.1392
icov_c1c3     0.7652 0.0174  43.9267 0.0000 0.2234
icov_c1c4    -0.5359 0.0192 -27.9536 0.0000 0.2424
icov_c2c3     1.1209 0.0316  35.4417 0.0000 0.1788
icov_c2c4    -0.5926 0.0354 -16.7409 0.0000 0.2165
icov_c3c4    -0.5394 0.0212 -25.4685 0.0000 0.1876
RIvar_c1      1.6483 0.0790  20.8539 0.0000 0.0147
RIvar_c2      1.6628 0.0898  18.5181 0.0000 0.0378
RIvar_c3      1.7326 0.0844  20.5242 0.0000 0.0148
RIvar_c4      1.8881 0.0932  20.2535 0.0000 0.0236
RIcov_c1c2    1.1514 0.0719  16.0132 0.0000 0.0224
RIcov_c1c3    0.8497 0.0642  13.2296 0.0000 0.0086
RIcov_c1c4    0.0975 0.0607   1.6063 0.1082 0.0183
RIcov_c2c3    0.7266 0.0664  10.9355 0.0000 0.0243
RIcov_c2c4    0.1243 0.0643   1.9335 0.0532 0.0162
RIcov_c3c4   -0.2005 0.0630  -3.1830 0.0015 0.0142
v_trait_e     2.4146 0.1096  22.0227 0.0000 0.0000
c_c1_trait_e  0.8148 0.0709  11.4901 0.0000 0.0086
c_c2_trait_e  0.7108 0.0738   9.6271 0.0000 0.0196
c_c3_trait_e  0.6151 0.0708   8.6910 0.0000 0.0051
c_c4_trait_e -0.3264 0.0722  -4.5175 0.0000 0.0116

RI-Trait correlations (standardized):
                 est     se p
c_c1_trait_e  0.4084 0.0277 0
c_c2_trait_e  0.3548 0.0310 0
c_c3_trait_e  0.3007 0.0303 0
c_c4_trait_e -0.1529 0.0328 0

Mean fit indices:
     chisq         df     pvalue        cfi        tli      rmsea       srmr 
66064.4423  8458.0000     0.0000     0.5180     0.5295     0.0838     0.0407 


--- Model 4 : state_e + sociability + happiness + tiredness + typicality ---
Converged: 20 / 20 

Pooled parameters (Rubin's Rules):
                 est     se        z      p    fmi
rim_c1        4.5037 0.0424 106.2072 0.0000 0.0094
rim_c2        5.0437 0.0453 111.3024 0.0000 0.0271
rim_c3        5.8682 0.0440 133.5161 0.0000 0.0153
rim_c4        5.4953 0.0459 119.6873 0.0000 0.0084
rim_c5        7.1021 0.0403 176.2063 0.0000 0.0048
mt_trait_e    5.5338 0.0499 110.9142 0.0000 0.0000
ar_c1         0.0949 0.0103   9.1784 0.0000 0.2643
ar_c2         0.0471 0.0106   4.4286 0.0000 0.3353
ar_c3         0.1348 0.0088  15.2298 0.0000 0.3405
ar_c4         0.1483 0.0078  18.9016 0.0000 0.2284
ar_c5         0.0907 0.0075  12.1079 0.0000 0.1642
cl_c2_c1     -0.0082 0.0055  -1.4972 0.1343 0.3152
cl_c3_c1      0.0188 0.0071   2.6422 0.0082 0.2448
cl_c4_c1     -0.0282 0.0065  -4.3620 0.0000 0.3212
cl_c5_c1      0.0049 0.0059   0.8222 0.4110 0.2846
cl_c1_c2      0.0588 0.0195   3.0122 0.0026 0.2649
cl_c3_c2      0.0397 0.0146   2.7232 0.0065 0.3481
cl_c4_c2     -0.0317 0.0124  -2.5522 0.0107 0.3392
cl_c5_c2      0.0032 0.0111   0.2835 0.7768 0.2681
cl_c1_c3      0.0321 0.0116   2.7753 0.0055 0.2332
cl_c2_c3     -0.0022 0.0062  -0.3534 0.7238 0.2970
cl_c4_c3     -0.0198 0.0075  -2.6567 0.0079 0.3293
cl_c5_c3     -0.0138 0.0073  -1.8795 0.0602 0.3832
cl_c1_c4      0.0617 0.0124   4.9785 0.0000 0.1677
cl_c2_c4      0.0221 0.0069   3.2193 0.0013 0.2855
cl_c3_c4     -0.0419 0.0090  -4.6699 0.0000 0.2174
cl_c5_c4     -0.0201 0.0079  -2.5405 0.0111 0.3361
cl_c1_c5     -0.0095 0.0134  -0.7093 0.4782 0.2121
cl_c2_c5      0.0010 0.0068   0.1549 0.8769 0.1831
cl_c3_c5      0.0019 0.0103   0.1866 0.8520 0.3403
cl_c4_c5      0.0252 0.0084   2.9938 0.0028 0.2688
v1_c1         2.4792 0.1238  20.0330 0.0000 0.1214
v1_c2         7.7614 0.3771  20.5828 0.0000 0.0738
v1_c3         2.6638 0.1372  19.4212 0.0000 0.1576
v1_c4         4.0051 0.2040  19.6311 0.0000 0.1512
v1_c5         4.0435 0.2026  19.9611 0.0000 0.1235
cov1_c1c2     2.8567 0.1822  15.6809 0.0000 0.0975
cov1_c1c3     0.8197 0.0967   8.4748 0.0000 0.1396
cov1_c1c4    -0.7181 0.1177  -6.1003 0.0000 0.1732
cov1_c1c5    -0.2643 0.1171  -2.2570 0.0240 0.1925
cov1_c2c3     0.9309 0.1740   5.3498 0.0000 0.2134
cov1_c2c4    -0.8981 0.2083  -4.3115 0.0000 0.1943
cov1_c2c5    -0.7285 0.2052  -3.5504 0.0004 0.1691
cov1_c3c4    -0.5848 0.1259  -4.6446 0.0000 0.2296
cov1_c3c5     0.1895 0.1219   1.5549 0.1200 0.1938
cov1_c4c5     0.1267 0.1383   0.9162 0.3595 0.0676
innov_c1      2.1780 0.0198 109.7961 0.0000 0.1701
innov_c2      7.8654 0.0685 114.7795 0.0000 0.0934
innov_c3      2.8736 0.0256 112.3363 0.0000 0.1312
innov_c4      3.5809 0.0319 112.2362 0.0000 0.1327
innov_c5      3.9732 0.0376 105.5925 0.0000 0.2325
icov_c1c2     2.5818 0.0308  83.6991 0.0000 0.1393
icov_c1c3     0.7653 0.0174  43.9397 0.0000 0.2234
icov_c1c4    -0.5356 0.0192 -27.9396 0.0000 0.2425
icov_c1c5    -0.2956 0.0190 -15.5688 0.0000 0.1654
icov_c2c3     1.1210 0.0316  35.4570 0.0000 0.1785
icov_c2c4    -0.5924 0.0355 -16.7063 0.0000 0.2195
icov_c2c5    -0.7061 0.0356 -19.8179 0.0000 0.1394
icov_c3c4    -0.5402 0.0212 -25.4936 0.0000 0.1889
icov_c3c5     0.2076 0.0216   9.6158 0.0000 0.1534
icov_c4c5     0.1916 0.0231   8.2857 0.0000 0.0816
RIvar_c1      1.6485 0.0790  20.8555 0.0000 0.0146
RIvar_c2      1.6628 0.0898  18.5189 0.0000 0.0378
RIvar_c3      1.7328 0.0844  20.5260 0.0000 0.0146
RIvar_c4      1.8877 0.0932  20.2521 0.0000 0.0239
RIvar_c5      1.4252 0.0722  19.7321 0.0000 0.0272
RIcov_c1c2    1.1515 0.0719  16.0143 0.0000 0.0224
RIcov_c1c3    0.8499 0.0642  13.2299 0.0000 0.0086
RIcov_c1c4    0.0976 0.0607   1.6070 0.1081 0.0184
RIcov_c1c5   -0.0675 0.0535  -1.2620 0.2070 0.0197
RIcov_c2c3    0.7267 0.0665  10.9352 0.0000 0.0246
RIcov_c2c4    0.1247 0.0643   1.9393 0.0525 0.0161
RIcov_c2c5    0.1374 0.0575   2.3898 0.0169 0.0474
RIcov_c3c4   -0.2005 0.0630  -3.1837 0.0015 0.0142
RIcov_c3c5    0.4299 0.0573   7.5088 0.0000 0.0300
RIcov_c4c5    0.0307 0.0582   0.5264 0.5986 0.0326
v_trait_e     2.4146 0.1096  22.0227 0.0000 0.0000
c_c1_trait_e  0.8146 0.0709  11.4876 0.0000 0.0086
c_c2_trait_e  0.7106 0.0738   9.6241 0.0000 0.0196
c_c3_trait_e  0.6151 0.0708   8.6904 0.0000 0.0052
c_c4_trait_e -0.3259 0.0722  -4.5112 0.0000 0.0117
c_c5_trait_e -0.0451 0.0628  -0.7183 0.4726 0.0109

RI-Trait correlations (standardized):
                 est     se      p
c_c1_trait_e  0.4083 0.0277 0.0000
c_c2_trait_e  0.3546 0.0310 0.0000
c_c3_trait_e  0.3007 0.0303 0.0000
c_c4_trait_e -0.1526 0.0328 0.0000
c_c5_trait_e -0.0243 0.0339 0.4722

Mean fit indices:
     chisq         df     pvalue        cfi        tli      rmsea       srmr 
85712.1962 13120.0000     0.0000     0.4916     0.5009     0.0755     0.0391 


--- Model 5 : state_e + sociability + happiness + tiredness + typicality + negativity ---
Converged: 20 / 20 

Pooled parameters (Rubin's Rules):
                 est     se        z      p    fmi
rim_c1        4.5044 0.0424 106.2037 0.0000 0.0094
rim_c2        5.0453 0.0453 111.3097 0.0000 0.0271
rim_c3        5.8688 0.0439 133.5479 0.0000 0.0150
rim_c4        5.4938 0.0459 119.6814 0.0000 0.0085
rim_c5        7.1014 0.0403 176.1912 0.0000 0.0047
rim_c6        3.4048 0.0438  77.7972 0.0000 0.0098
mt_trait_e    5.5338 0.0499 110.9146 0.0000 0.0000
ar_c1         0.0938 0.0104   9.0435 0.0000 0.2620
ar_c2         0.0468 0.0107   4.3592 0.0000 0.3452
ar_c3         0.1264 0.0095  13.3766 0.0000 0.3718
ar_c4         0.1458 0.0078  18.6650 0.0000 0.2187
ar_c5         0.0918 0.0079  11.6406 0.0000 0.2054
ar_c6         0.0858 0.0090   9.5617 0.0000 0.3300
cl_c2_c1     -0.0088 0.0055  -1.5914 0.1115 0.3250
cl_c3_c1      0.0218 0.0077   2.8435 0.0045 0.2877
cl_c4_c1     -0.0286 0.0065  -4.4087 0.0000 0.3225
cl_c5_c1      0.0068 0.0060   1.1297 0.2586 0.2599
cl_c6_c1      0.0087 0.0064   1.3631 0.1728 0.2597
cl_c1_c2      0.0587 0.0194   3.0195 0.0025 0.2498
cl_c3_c2      0.0409 0.0150   2.7354 0.0062 0.3254
cl_c4_c2     -0.0316 0.0124  -2.5424 0.0110 0.3369
cl_c5_c2      0.0038 0.0112   0.3435 0.7312 0.2337
cl_c6_c2      0.0033 0.0115   0.2897 0.7720 0.1742
cl_c1_c3      0.0359 0.0115   3.1224 0.0018 0.2170
cl_c2_c3     -0.0007 0.0063  -0.1084 0.9136 0.3060
cl_c4_c3     -0.0182 0.0074  -2.4505 0.0143 0.3225
cl_c5_c3     -0.0192 0.0075  -2.5581 0.0105 0.3773
cl_c6_c3     -0.0247 0.0075  -3.3157 0.0009 0.2845
cl_c1_c4      0.0558 0.0125   4.4789 0.0000 0.1689
cl_c2_c4      0.0197 0.0069   2.8482 0.0044 0.2887
cl_c3_c4     -0.0288 0.0095  -3.0196 0.0025 0.2473
cl_c5_c4     -0.0114 0.0080  -1.4247 0.1543 0.3176
cl_c6_c4      0.0396 0.0079   5.0134 0.0000 0.2039
cl_c1_c5     -0.0105 0.0136  -0.7724 0.4399 0.2218
cl_c2_c5      0.0008 0.0068   0.1124 0.9105 0.1818
cl_c3_c5      0.0036 0.0109   0.3306 0.7409 0.3596
cl_c4_c5      0.0247 0.0084   2.9253 0.0034 0.2709
cl_c6_c5      0.0050 0.0087   0.5825 0.5602 0.2672
cl_c1_c6      0.0271 0.0130   2.0780 0.0377 0.1877
cl_c2_c6     -0.0121 0.0068  -1.7880 0.0738 0.2142
cl_c3_c6     -0.0174 0.0100  -1.7440 0.0812 0.2657
cl_c4_c6      0.0105 0.0085   1.2355 0.2166 0.3044
cl_c5_c6      0.0101 0.0077   1.3131 0.1892 0.2105
v1_c1         2.4764 0.1235  20.0497 0.0000 0.1201
v1_c2         7.7497 0.3764  20.5865 0.0000 0.0735
v1_c3         2.6638 0.1371  19.4239 0.0000 0.1575
v1_c4         4.0079 0.2044  19.6108 0.0000 0.1533
v1_c5         4.0405 0.2025  19.9500 0.0000 0.1245
v1_c6         3.6246 0.1817  19.9497 0.0000 0.1202
cov1_c1c2     2.8507 0.1818  15.6809 0.0000 0.0967
cov1_c1c3     0.8186 0.0966   8.4710 0.0000 0.1394
cov1_c1c4    -0.7185 0.1178  -6.1018 0.0000 0.1742
cov1_c1c5    -0.2611 0.1169  -2.2330 0.0255 0.1919
cov1_c1c6     0.5946 0.1119   5.3152 0.0000 0.1810
cov1_c2c3     0.9276 0.1739   5.3334 0.0000 0.2141
cov1_c2c4    -0.9020 0.2082  -4.3331 0.0000 0.1938
cov1_c2c5    -0.7225 0.2049  -3.5259 0.0004 0.1689
cov1_c2c6     1.1332 0.1937   5.8509 0.0000 0.1407
cov1_c3c4    -0.5829 0.1259  -4.6313 0.0000 0.2289
cov1_c3c5     0.1910 0.1218   1.5682 0.1168 0.1931
cov1_c3c6    -0.6863 0.1131  -6.0676 0.0000 0.1201
cov1_c4c5     0.1289 0.1384   0.9313 0.3517 0.0688
cov1_c4c6    -0.0503 0.1380  -0.3645 0.7154 0.1589
cov1_c5c6    -1.1246 0.1402  -8.0207 0.0000 0.1084
innov_c1      2.1779 0.0198 109.7926 0.0000 0.1702
innov_c2      7.8656 0.0685 114.7918 0.0000 0.0932
innov_c3      2.8721 0.0255 112.5003 0.0000 0.1287
innov_c4      3.5770 0.0318 112.4579 0.0000 0.1293
innov_c5      3.9732 0.0376 105.5721 0.0000 0.2328
innov_c6      3.8208 0.0345 110.6245 0.0000 0.1576
icov_c1c2     2.5818 0.0308  83.6966 0.0000 0.1394
icov_c1c3     0.7659 0.0174  43.9776 0.0000 0.2236
icov_c1c4    -0.5365 0.0192 -27.9710 0.0000 0.2441
icov_c1c5    -0.2958 0.0190 -15.5619 0.0000 0.1674
icov_c1c6     0.2424 0.0197  12.2800 0.0000 0.2599
icov_c2c3     1.1213 0.0316  35.4968 0.0000 0.1776
icov_c2c4    -0.5928 0.0355 -16.7060 0.0000 0.2213
icov_c2c5    -0.7064 0.0357 -19.8120 0.0000 0.1405
icov_c2c6     0.5645 0.0368  15.3521 0.0000 0.2269
icov_c3c4    -0.5379 0.0212 -25.3581 0.0000 0.1920
icov_c3c5     0.2078 0.0216   9.6060 0.0000 0.1573
icov_c3c6    -0.8631 0.0232 -37.2159 0.0000 0.2501
icov_c4c5     0.1911 0.0231   8.2822 0.0000 0.0789
icov_c4c6     0.2486 0.0233  10.6510 0.0000 0.1328
icov_c5c6    -0.9961 0.0268 -37.1862 0.0000 0.2243
RIvar_c1      1.6490 0.0791  20.8570 0.0000 0.0145
RIvar_c2      1.6639 0.0898  18.5232 0.0000 0.0377
RIvar_c3      1.7328 0.0844  20.5269 0.0000 0.0146
RIvar_c4      1.8866 0.0932  20.2512 0.0000 0.0239
RIvar_c5      1.4253 0.0722  19.7310 0.0000 0.0273
RIvar_c6      1.7035 0.0851  20.0235 0.0000 0.0352
RIcov_c1c2    1.1522 0.0719  16.0181 0.0000 0.0223
RIcov_c1c3    0.8499 0.0642  13.2284 0.0000 0.0086
RIcov_c1c4    0.0982 0.0607   1.6175 0.1058 0.0183
RIcov_c1c5   -0.0676 0.0535  -1.2651 0.2058 0.0195
RIcov_c1c6    0.5757 0.0608   9.4645 0.0000 0.0186
RIcov_c2c3    0.7264 0.0665  10.9296 0.0000 0.0244
RIcov_c2c4    0.1256 0.0643   1.9543 0.0507 0.0162
RIcov_c2c5    0.1371 0.0575   2.3843 0.0171 0.0470
RIcov_c2c6    0.3845 0.0629   6.1124 0.0000 0.0277
RIcov_c3c4   -0.2001 0.0630  -3.1780 0.0015 0.0143
RIcov_c3c5    0.4300 0.0573   7.5096 0.0000 0.0300
RIcov_c3c6   -0.2565 0.0605  -4.2363 0.0000 0.0211
RIcov_c4c5    0.0306 0.0582   0.5249 0.5997 0.0326
RIcov_c4c6    0.7949 0.0677  11.7452 0.0000 0.0124
RIcov_c5c6   -0.5542 0.0583  -9.5133 0.0000 0.0177
v_trait_e     2.4146 0.1096  22.0227 0.0000 0.0000
c_c1_trait_e  0.8146 0.0709  11.4858 0.0000 0.0086
c_c2_trait_e  0.7105 0.0738   9.6218 0.0000 0.0194
c_c3_trait_e  0.6153 0.0708   8.6932 0.0000 0.0051
c_c4_trait_e -0.3261 0.0722  -4.5163 0.0000 0.0117
c_c5_trait_e -0.0452 0.0628  -0.7185 0.4724 0.0108
c_c6_trait_e -0.0232 0.0679  -0.3418 0.7325 0.0069

RI-Trait correlations (standardized):
                 est     se      p
c_c1_trait_e  0.4082 0.0277 0.0000
c_c2_trait_e  0.3545 0.0310 0.0000
c_c3_trait_e  0.3008 0.0303 0.0000
c_c4_trait_e -0.1528 0.0328 0.0000
c_c5_trait_e -0.0243 0.0338 0.4720
c_c6_trait_e -0.0114 0.0335 0.7324

Mean fit indices:
      chisq          df      pvalue         cfi         tli       rmsea 
106302.6425  18801.0000      0.0000      0.4922      0.4996      0.0693 
       srmr 
     0.0385 


============================================================
STATE: STATE_N 
============================================================

--- Model 0 : state_n ---
Converged: 20 / 20 

Pooled parameters (Rubin's Rules):
                est     se        z p    fmi
rim_c1       4.9309 0.0340 145.0481 0 0.0175
mt_trait_n   5.7323 0.0524 109.3493 0 0.0000
ar_c1        0.1440 0.0078  18.5614 0 0.2476
v1_c1        2.0691 0.1014  20.4150 0 0.0808
innov_c1     1.8912 0.0179 105.7162 0 0.2306
RIvar_c1     1.0272 0.0505  20.3405 0 0.0189
v_trait_n    2.6656 0.1210  22.0227 0 0.0000
c_c1_trait_n 0.6498 0.0590  11.0052 0 0.0071

RI-Trait correlations (standardized):
                est     se p
c_c1_trait_n 0.3927 0.0285 0

Mean fit indices:
     chisq         df     pvalue        cfi        tli      rmsea       srmr 
15693.8962   586.0000     0.0000     0.4248     0.4817     0.1630     0.0525 


--- Model 1 : state_n + stress ---
Converged: 20 / 20 

Pooled parameters (Rubin's Rules):
                est     se        z p    fmi
rim_c1       4.9302 0.0340 145.0143 0 0.0174
rim_c2       4.9900 0.0473 105.4138 0 0.0112
mt_trait_n   5.7323 0.0524 109.3492 0 0.0000
ar_c1        0.1094 0.0090  12.2047 0 0.2103
ar_c2        0.1289 0.0097  13.2872 0 0.3236
cl_c2_c1     0.0473 0.0069   6.8546 0 0.2862
cl_c1_c2     0.0584 0.0124   4.7106 0 0.2517
v1_c1        2.0674 0.1013  20.4104 0 0.0811
v1_c2        3.5588 0.1858  19.1581 0 0.1855
cov1_c1c2    1.5358 0.1113  13.7965 0 0.1320
innov_c1     1.8870 0.0179 105.5151 0 0.2335
innov_c2     3.4787 0.0301 115.6936 0 0.0785
icov_c1c2    1.3727 0.0183  75.1159 0 0.1292
RIvar_c1     1.0274 0.0505  20.3354 0 0.0192
RIvar_c2     2.0111 0.0985  20.4103 0 0.0186
RIcov_c1c2   0.8604 0.0581  14.8032 0 0.0184
v_trait_n    2.6656 0.1210  22.0227 0 0.0000
c_c1_trait_n 0.6502 0.0591  11.0080 0 0.0073
c_c2_trait_n 0.9050 0.0825  10.9662 0 0.0088

RI-Trait correlations (standardized):
                est     se p
c_c1_trait_n 0.3929 0.0285 0
c_c2_trait_n 0.3909 0.0285 0

Mean fit indices:
     chisq         df     pvalue        cfi        tli      rmsea       srmr 
30739.1428  2191.0000     0.0000     0.5405     0.5638     0.1159     0.0486 


--- Model 2 : state_n + stress + happiness ---
Converged: 20 / 20 

Pooled parameters (Rubin's Rules):
                 est     se        z      p    fmi
rim_c1        4.9309 0.0340 145.0421 0.0000 0.0174
rim_c2        4.9914 0.0473 105.4961 0.0000 0.0107
rim_c3        5.8741 0.0439 133.6661 0.0000 0.0156
mt_trait_n    5.7323 0.0524 109.3488 0.0000 0.0000
ar_c1         0.0878 0.0102   8.6132 0.0000 0.2704
ar_c2         0.1248 0.0098  12.7514 0.0000 0.3270
ar_c3         0.1159 0.0098  11.8295 0.0000 0.3474
cl_c2_c1      0.0436 0.0070   6.2425 0.0000 0.2934
cl_c3_c1     -0.0382 0.0075  -5.1122 0.0000 0.2745
cl_c1_c2      0.0353 0.0137   2.5810 0.0099 0.2618
cl_c3_c2     -0.0410 0.0097  -4.2299 0.0000 0.2058
cl_c1_c3     -0.0232 0.0117  -1.9930 0.0463 0.1612
cl_c2_c3     -0.0501 0.0084  -5.9948 0.0000 0.2492
v1_c1         2.0669 0.1013  20.4117 0.0000 0.0809
v1_c2         3.5569 0.1857  19.1518 0.0000 0.1861
v1_c3         2.6603 0.1369  19.4397 0.0000 0.1555
cov1_c1c2     1.5369 0.1113  13.8136 0.0000 0.1313
cov1_c1c3    -1.2335 0.0941 -13.1033 0.0000 0.1194
cov1_c2c3    -1.1330 0.1170  -9.6800 0.0000 0.1257
innov_c1      1.8847 0.0178 105.9894 0.0000 0.2266
innov_c2      3.4764 0.0301 115.6415 0.0000 0.0794
innov_c3      2.8697 0.0255 112.4765 0.0000 0.1290
icov_c1c2     1.3704 0.0182  75.2569 0.0000 0.1248
icov_c1c3    -1.1933 0.0171 -69.5978 0.0000 0.2000
icov_c2c3    -1.1399 0.0212 -53.6768 0.0000 0.1394
RIvar_c1      1.0272 0.0505  20.3365 0.0000 0.0189
RIvar_c2      2.0098 0.0985  20.4081 0.0000 0.0185
RIvar_c3      1.7314 0.0844  20.5190 0.0000 0.0148
RIcov_c1c2    0.8598 0.0581  14.7987 0.0000 0.0182
RIcov_c1c3   -0.8939 0.0554 -16.1293 0.0000 0.0174
RIcov_c2c3   -0.5351 0.0676  -7.9204 0.0000 0.0264
v_trait_n     2.6656 0.1210  22.0227 0.0000 0.0000
c_c1_trait_n  0.6506 0.0591  11.0149 0.0000 0.0072
c_c2_trait_n  0.9055 0.0825  10.9747 0.0000 0.0086
c_c3_trait_n -0.6768 0.0750  -9.0181 0.0000 0.0163

RI-Trait correlations (standardized):
                 est     se p
c_c1_trait_n  0.3932 0.0285 0
c_c2_trait_n  0.3912 0.0285 0
c_c3_trait_n -0.3150 0.0303 0

Mean fit indices:
     chisq         df     pvalue        cfi        tli      rmsea       srmr 
47051.9757  4815.0000     0.0000     0.5701     0.5843     0.0951     0.0461 


--- Model 3 : state_n + stress + happiness + negativity ---
Converged: 20 / 20 

Pooled parameters (Rubin's Rules):
                 est     se        z      p    fmi
rim_c1        4.9310 0.0340 145.0239 0.0000 0.0177
rim_c2        4.9899 0.0473 105.4552 0.0000 0.0109
rim_c3        5.8739 0.0439 133.6711 0.0000 0.0154
rim_c4        3.4040 0.0438  77.6822 0.0000 0.0091
mt_trait_n    5.7323 0.0524 109.3492 0.0000 0.0000
ar_c1         0.0910 0.0106   8.5857 0.0000 0.2846
ar_c2         0.1219 0.0099  12.2483 0.0000 0.3160
ar_c3         0.1161 0.0098  11.8291 0.0000 0.3493
ar_c4         0.0559 0.0094   5.9694 0.0000 0.3345
cl_c2_c1      0.0456 0.0071   6.3767 0.0000 0.2919
cl_c3_c1     -0.0384 0.0075  -5.1395 0.0000 0.2737
cl_c4_c1     -0.0080 0.0067  -1.1950 0.2321 0.3658
cl_c1_c2      0.0305 0.0142   2.1469 0.0318 0.2761
cl_c3_c2     -0.0407 0.0097  -4.1916 0.0000 0.2066
cl_c4_c2      0.0120 0.0083   1.4360 0.1510 0.2473
cl_c1_c3     -0.0263 0.0121  -2.1787 0.0294 0.1697
cl_c2_c3     -0.0519 0.0086  -6.0433 0.0000 0.2539
cl_c4_c3      0.0075 0.0080   0.9376 0.3485 0.3246
cl_c1_c4      0.0116 0.0160   0.7247 0.4686 0.3739
cl_c2_c4      0.0785 0.0096   8.1608 0.0000 0.2101
cl_c3_c4      0.0113 0.0110   1.0250 0.3053 0.3265
v1_c1         2.0671 0.1013  20.4128 0.0000 0.0808
v1_c2         3.5579 0.1859  19.1401 0.0000 0.1872
v1_c3         2.6610 0.1369  19.4367 0.0000 0.1558
v1_c4         3.6141 0.1809  19.9743 0.0000 0.1171
cov1_c1c2     1.5362 0.1112  13.8084 0.0000 0.1311
cov1_c1c3    -1.2342 0.0941 -13.1110 0.0000 0.1189
cov1_c1c4     1.2970 0.1044  12.4288 0.0000 0.0723
cov1_c2c3    -1.1319 0.1171  -9.6697 0.0000 0.1258
cov1_c2c4     1.5099 0.1368  11.0415 0.0000 0.1019
cov1_c3c4    -0.6871 0.1127  -6.0969 0.0000 0.1162
innov_c1      1.8846 0.0178 106.0403 0.0000 0.2259
innov_c2      3.4760 0.0301 115.6079 0.0000 0.0799
innov_c3      2.8696 0.0255 112.4173 0.0000 0.1300
innov_c4      3.8083 0.0347 109.6277 0.0000 0.1727
icov_c1c2     1.3706 0.0182  75.3058 0.0000 0.1241
icov_c1c3    -1.1931 0.0171 -69.5884 0.0000 0.2001
icov_c1c4     1.1319 0.0190  59.5194 0.0000 0.1950
icov_c2c3    -1.1401 0.0212 -53.7071 0.0000 0.1388
icov_c2c4     1.4463 0.0250  57.9281 0.0000 0.1535
icov_c3c4    -0.8535 0.0233 -36.6101 0.0000 0.2617
RIvar_c1      1.0272 0.0505  20.3346 0.0000 0.0191
RIvar_c2      2.0097 0.0985  20.4057 0.0000 0.0187
RIvar_c3      1.7315 0.0844  20.5177 0.0000 0.0150
RIvar_c4      1.7090 0.0853  20.0275 0.0000 0.0351
RIcov_c1c2    0.8595 0.0581  14.7948 0.0000 0.0183
RIcov_c1c3   -0.8941 0.0554 -16.1303 0.0000 0.0175
RIcov_c1c4    0.5189 0.0499  10.3980 0.0000 0.0261
RIcov_c2c3   -0.5351 0.0676  -7.9203 0.0000 0.0264
RIcov_c2c4    1.1909 0.0761  15.6511 0.0000 0.0136
RIcov_c3c4   -0.2605 0.0607  -4.2936 0.0000 0.0218
v_trait_n     2.6656 0.1210  22.0227 0.0000 0.0000
c_c1_trait_n  0.6505 0.0591  11.0138 0.0000 0.0072
c_c2_trait_n  0.9052 0.0825  10.9716 0.0000 0.0086
c_c3_trait_n -0.6767 0.0750  -9.0172 0.0000 0.0164
c_c4_trait_n  0.4438 0.0729   6.0903 0.0000 0.0067

RI-Trait correlations (standardized):
                 est     se p
c_c1_trait_n  0.3931 0.0285 0
c_c2_trait_n  0.3911 0.0285 0
c_c3_trait_n -0.3150 0.0303 0
c_c4_trait_n  0.2079 0.0321 0

Mean fit indices:
     chisq         df     pvalue        cfi        tli      rmsea       srmr 
64508.0868  8458.0000     0.0000     0.5659     0.5763     0.0827     0.0445 


--- Model 4 : state_n + stress + happiness + negativity + duty ---
Converged: 20 / 20 

Pooled parameters (Rubin's Rules):
                 est     se        z      p    fmi
rim_c1        4.9284 0.0340 144.9619 0.0000 0.0175
rim_c2        4.9858 0.0473 105.3847 0.0000 0.0102
rim_c3        5.8757 0.0439 133.7012 0.0000 0.0157
rim_c4        3.4019 0.0438  77.5930 0.0000 0.0092
rim_c5        5.4620 0.0480 113.7565 0.0000 0.0200
mt_trait_n    5.7323 0.0524 109.3494 0.0000 0.0000
ar_c1         0.0869 0.0106   8.2041 0.0000 0.2783
ar_c2         0.1127 0.0101  11.1270 0.0000 0.3280
ar_c3         0.1156 0.0098  11.7581 0.0000 0.3513
ar_c4         0.0511 0.0095   5.3542 0.0000 0.3363
ar_c5         0.1428 0.0083  17.1123 0.0000 0.2416
cl_c2_c1      0.0404 0.0072   5.5923 0.0000 0.2918
cl_c3_c1     -0.0377 0.0074  -5.0624 0.0000 0.2709
cl_c4_c1     -0.0146 0.0068  -2.1370 0.0326 0.3710
cl_c5_c1      0.0235 0.0043   5.4311 0.0000 0.1968
cl_c1_c2      0.0227 0.0142   1.5985 0.1099 0.2685
cl_c3_c2     -0.0395 0.0097  -4.0855 0.0000 0.2008
cl_c4_c2      0.0003 0.0085   0.0387 0.9691 0.2436
cl_c5_c2      0.0420 0.0061   6.9224 0.0000 0.2484
cl_c1_c3     -0.0231 0.0121  -1.9134 0.0557 0.1640
cl_c2_c3     -0.0478 0.0088  -5.4133 0.0000 0.2779
cl_c4_c3      0.0127 0.0081   1.5694 0.1165 0.3111
cl_c5_c3     -0.0182 0.0058  -3.1644 0.0016 0.3115
cl_c1_c4      0.0086 0.0160   0.5369 0.5913 0.3686
cl_c2_c4      0.0748 0.0097   7.6866 0.0000 0.2115
cl_c3_c4      0.0118 0.0110   1.0673 0.2858 0.3258
cl_c5_c4      0.0172 0.0066   2.6044 0.0092 0.3070
cl_c1_c5     -0.0402 0.0199  -2.0228 0.0431 0.3025
cl_c2_c5      0.1065 0.0134   7.9339 0.0000 0.2941
cl_c3_c5     -0.0414 0.0137  -3.0348 0.0024 0.2507
cl_c4_c5     -0.0406 0.0114  -3.5522 0.0004 0.2212
v1_c1         2.0678 0.1013  20.4230 0.0000 0.0804
v1_c2         3.5575 0.1860  19.1313 0.0000 0.1878
v1_c3         2.6620 0.1368  19.4569 0.0000 0.1544
v1_c4         3.6116 0.1809  19.9690 0.0000 0.1175
v1_c5         7.1103 0.3484  20.4060 0.0000 0.0844
cov1_c1c2     1.5352 0.1113  13.7953 0.0000 0.1319
cov1_c1c3    -1.2349 0.0940 -13.1377 0.0000 0.1161
cov1_c1c4     1.2937 0.1043  12.4037 0.0000 0.0726
cov1_c1c5     1.4059 0.1405  10.0088 0.0000 0.0703
cov1_c2c3    -1.1309 0.1171  -9.6591 0.0000 0.1263
cov1_c2c4     1.5071 0.1367  11.0260 0.0000 0.1021
cov1_c2c5     1.7303 0.1869   9.2601 0.0000 0.1042
cov1_c3c4    -0.6838 0.1127  -6.0690 0.0000 0.1166
cov1_c3c5    -0.7351 0.1541  -4.7694 0.0000 0.0915
cov1_c4c5     1.9722 0.1882  10.4794 0.0000 0.0802
innov_c1      1.8822 0.0178 105.7012 0.0000 0.2308
innov_c2      3.4687 0.0301 115.3045 0.0000 0.0847
innov_c3      2.8682 0.0255 112.4282 0.0000 0.1298
innov_c4      3.8069 0.0347 109.6638 0.0000 0.1721
innov_c5      6.4995 0.0598 108.7120 0.0000 0.1865
icov_c1c2     1.3665 0.0182  75.0552 0.0000 0.1281
icov_c1c3    -1.1913 0.0172 -69.4104 0.0000 0.2033
icov_c1c4     1.1302 0.0191  59.2589 0.0000 0.2010
icov_c1c5     1.0018 0.0239  41.9395 0.0000 0.2014
icov_c2c3    -1.1370 0.0212 -53.7046 0.0000 0.1367
icov_c2c4     1.4431 0.0251  57.6091 0.0000 0.1614
icov_c2c5     1.4411 0.0314  45.8924 0.0000 0.1406
icov_c3c4    -0.8522 0.0233 -36.5946 0.0000 0.2608
icov_c3c5    -0.8173 0.0311 -26.2955 0.0000 0.3121
icov_c4c5     1.5445 0.0327  47.1856 0.0000 0.1285
RIvar_c1      1.0271 0.0505  20.3315 0.0000 0.0192
RIvar_c2      2.0101 0.0985  20.3985 0.0000 0.0191
RIvar_c3      1.7312 0.0844  20.5145 0.0000 0.0151
RIvar_c4      1.7109 0.0854  20.0326 0.0000 0.0348
RIvar_c5      1.9299 0.1022  18.8807 0.0000 0.0509
RIcov_c1c2    0.8597 0.0581  14.7938 0.0000 0.0184
RIcov_c1c3   -0.8939 0.0554 -16.1269 0.0000 0.0176
RIcov_c1c4    0.5199 0.0499  10.4112 0.0000 0.0259
RIcov_c1c5    0.1738 0.0511   3.4011 0.0007 0.0269
RIcov_c2c3   -0.5347 0.0676  -7.9141 0.0000 0.0264
RIcov_c2c4    1.1930 0.0762  15.6643 0.0000 0.0135
RIcov_c2c5    0.9595 0.0781  12.2775 0.0000 0.0236
RIcov_c3c4   -0.2610 0.0607  -4.3007 0.0000 0.0214
RIcov_c3c5    0.0933 0.0655   1.4240 0.1544 0.0287
RIcov_c4c5    0.8984 0.0739  12.1635 0.0000 0.0592
v_trait_n     2.6656 0.1210  22.0227 0.0000 0.0000
c_c1_trait_n  0.6506 0.0591  11.0159 0.0000 0.0072
c_c2_trait_n  0.9045 0.0825  10.9619 0.0000 0.0087
c_c3_trait_n -0.6762 0.0750  -9.0123 0.0000 0.0162
c_c4_trait_n  0.4440 0.0729   6.0902 0.0000 0.0067
c_c5_trait_n  0.2202 0.0787   2.7967 0.0052 0.0205

RI-Trait correlations (standardized):
                 est     se      p
c_c1_trait_n  0.3932 0.0285 0.0000
c_c2_trait_n  0.3907 0.0285 0.0000
c_c3_trait_n -0.3148 0.0303 0.0000
c_c4_trait_n  0.2079 0.0321 0.0000
c_c5_trait_n  0.0971 0.0343 0.0046

Mean fit indices:
     chisq         df     pvalue        cfi        tli      rmsea       srmr 
83787.6826 13120.0000     0.0000     0.5441     0.5525     0.0745     0.0443 


--- Model 5 : state_n + stress + happiness + negativity + duty + typicality ---
Converged: 20 / 20 

Pooled parameters (Rubin's Rules):
                 est     se        z      p    fmi
rim_c1        4.9286 0.0340 144.9667 0.0000 0.0175
rim_c2        4.9866 0.0473 105.4050 0.0000 0.0103
rim_c3        5.8752 0.0439 133.6960 0.0000 0.0155
rim_c4        3.4023 0.0438  77.6070 0.0000 0.0095
rim_c5        5.4645 0.0480 113.8317 0.0000 0.0201
rim_c6        7.0964 0.0403 176.1097 0.0000 0.0056
mt_trait_n    5.7323 0.0524 109.3498 0.0000 0.0000
ar_c1         0.0889 0.0106   8.4065 0.0000 0.2747
ar_c2         0.1124 0.0101  11.1371 0.0000 0.3236
ar_c3         0.1150 0.0099  11.6721 0.0000 0.3544
ar_c4         0.0535 0.0097   5.5154 0.0000 0.3186
ar_c5         0.1380 0.0083  16.5555 0.0000 0.2312
ar_c6         0.0892 0.0079  11.2658 0.0000 0.2120
cl_c2_c1      0.0401 0.0072   5.5542 0.0000 0.2930
cl_c3_c1     -0.0371 0.0075  -4.9741 0.0000 0.2730
cl_c4_c1     -0.0085 0.0071  -1.2060 0.2278 0.3790
cl_c5_c1      0.0216 0.0044   4.9420 0.0000 0.2060
cl_c6_c1      0.0214 0.0054   3.9536 0.0001 0.2201
cl_c1_c2      0.0248 0.0142   1.7501 0.0801 0.2631
cl_c3_c2     -0.0388 0.0097  -4.0179 0.0001 0.2007
cl_c4_c2      0.0069 0.0088   0.7820 0.4342 0.2583
cl_c5_c2      0.0400 0.0061   6.5181 0.0000 0.2547
cl_c6_c2      0.0230 0.0073   3.1436 0.0017 0.2127
cl_c1_c3     -0.0250 0.0121  -2.0661 0.0388 0.1646
cl_c2_c3     -0.0475 0.0088  -5.3966 0.0000 0.2761
cl_c4_c3      0.0070 0.0082   0.8542 0.3930 0.2929
cl_c5_c3     -0.0165 0.0058  -2.8550 0.0043 0.3103
cl_c6_c3     -0.0200 0.0075  -2.6782 0.0074 0.3729
cl_c1_c4      0.0095 0.0161   0.5902 0.5550 0.3717
cl_c2_c4      0.0746 0.0097   7.6633 0.0000 0.2128
cl_c3_c4      0.0119 0.0110   1.0812 0.2796 0.3293
cl_c5_c4      0.0165 0.0066   2.5038 0.0123 0.2941
cl_c6_c4      0.0082 0.0076   1.0735 0.2831 0.1981
cl_c1_c5     -0.0352 0.0199  -1.7668 0.0773 0.3027
cl_c2_c5      0.1058 0.0134   7.8940 0.0000 0.2926
cl_c3_c5     -0.0399 0.0137  -2.9171 0.0035 0.2544
cl_c4_c5     -0.0253 0.0115  -2.1936 0.0283 0.1884
cl_c6_c5      0.0537 0.0096   5.5866 0.0000 0.1419
cl_c1_c6     -0.0410 0.0156  -2.6341 0.0084 0.3003
cl_c2_c6      0.0051 0.0105   0.4844 0.6281 0.2960
cl_c3_c6     -0.0121 0.0113  -1.0688 0.2852 0.3353
cl_c4_c6     -0.0003 0.0093  -0.0299 0.9761 0.2313
cl_c5_c6      0.0298 0.0063   4.7346 0.0000 0.1920
v1_c1         2.0702 0.1014  20.4173 0.0000 0.0811
v1_c2         3.5588 0.1859  19.1385 0.0000 0.1873
v1_c3         2.6633 0.1368  19.4633 0.0000 0.1542
v1_c4         3.6124 0.1810  19.9573 0.0000 0.1188
v1_c5         7.1125 0.3484  20.4125 0.0000 0.0837
v1_c6         4.0467 0.2027  19.9655 0.0000 0.1229
cov1_c1c2     1.5369 0.1114  13.7986 0.0000 0.1321
cov1_c1c3    -1.2372 0.0941 -13.1512 0.0000 0.1160
cov1_c1c4     1.2959 0.1044  12.4119 0.0000 0.0732
cov1_c1c5     1.4072 0.1406  10.0119 0.0000 0.0701
cov1_c1c6    -0.4138 0.1021  -4.0525 0.0001 0.0973
cov1_c2c3    -1.1332 0.1171  -9.6746 0.0000 0.1261
cov1_c2c4     1.5096 0.1367  11.0428 0.0000 0.1016
cov1_c2c5     1.7322 0.1869   9.2673 0.0000 0.1040
cov1_c2c6    -0.2608 0.1388  -1.8787 0.0603 0.1709
cov1_c3c4    -0.6849 0.1128  -6.0735 0.0000 0.1176
cov1_c3c5    -0.7369 0.1543  -4.7768 0.0000 0.0923
cov1_c3c6     0.1915 0.1217   1.5729 0.1157 0.1911
cov1_c4c5     1.9746 0.1882  10.4927 0.0000 0.0794
cov1_c4c6    -1.1247 0.1402  -8.0240 0.0000 0.1087
cov1_c5c6    -0.0672 0.1913  -0.3515 0.7252 0.1347
innov_c1      1.8808 0.0178 105.6185 0.0000 0.2320
innov_c2      3.4672 0.0301 115.3244 0.0000 0.0844
innov_c3      2.8669 0.0255 112.2914 0.0000 0.1319
innov_c4      3.8068 0.0347 109.6794 0.0000 0.1719
innov_c5      6.4917 0.0597 108.6718 0.0000 0.1871
innov_c6      3.9706 0.0377 105.2946 0.0000 0.2368
icov_c1c2     1.3650 0.0182  75.1358 0.0000 0.1256
icov_c1c3    -1.1900 0.0172 -69.1834 0.0000 0.2079
icov_c1c4     1.1296 0.0191  59.2107 0.0000 0.2022
icov_c1c5     0.9985 0.0238  41.9283 0.0000 0.1985
icov_c1c6    -0.3817 0.0182 -20.9714 0.0000 0.2087
icov_c2c3    -1.1357 0.0212 -53.6702 0.0000 0.1366
icov_c2c4     1.4426 0.0251  57.5683 0.0000 0.1623
icov_c2c5     1.4378 0.0314  45.7470 0.0000 0.1436
icov_c2c6    -0.3494 0.0235 -14.8799 0.0000 0.1330
icov_c3c4    -0.8517 0.0233 -36.5557 0.0000 0.2619
icov_c3c5    -0.8143 0.0310 -26.2595 0.0000 0.3101
icov_c3c6     0.2070 0.0218   9.4983 0.0000 0.1722
icov_c4c5     1.5434 0.0328  47.1057 0.0000 0.1313
icov_c4c6    -0.9979 0.0267 -37.3839 0.0000 0.2218
icov_c5c6     0.0865 0.0335   2.5803 0.0099 0.2097
RIvar_c1      1.0272 0.0505  20.3339 0.0000 0.0191
RIvar_c2      2.0099 0.0985  20.4003 0.0000 0.0189
RIvar_c3      1.7314 0.0844  20.5151 0.0000 0.0151
RIvar_c4      1.7102 0.0854  20.0322 0.0000 0.0348
RIvar_c5      1.9285 0.1022  18.8745 0.0000 0.0511
RIvar_c6      1.4227 0.0721  19.7215 0.0000 0.0275
RIcov_c1c2    0.8598 0.0581  14.7965 0.0000 0.0183
RIcov_c1c3   -0.8941 0.0554 -16.1292 0.0000 0.0176
RIcov_c1c4    0.5201 0.0499  10.4176 0.0000 0.0256
RIcov_c1c5    0.1738 0.0511   3.4026 0.0007 0.0267
RIcov_c1c6   -0.3496 0.0445  -7.8629 0.0000 0.0315
RIcov_c2c3   -0.5347 0.0676  -7.9127 0.0000 0.0265
RIcov_c2c4    1.1926 0.0761  15.6647 0.0000 0.0132
RIcov_c2c5    0.9587 0.0781  12.2735 0.0000 0.0234
RIcov_c2c6   -0.1290 0.0599  -2.1514 0.0314 0.0283
RIcov_c3c4   -0.2611 0.0607  -4.3023 0.0000 0.0214
RIcov_c3c5    0.0934 0.0655   1.4259 0.1539 0.0288
RIcov_c3c6    0.4325 0.0572   7.5570 0.0000 0.0302
RIcov_c4c5    0.8970 0.0738  12.1524 0.0000 0.0590
RIcov_c4c6   -0.5538 0.0583  -9.5026 0.0000 0.0166
RIcov_c5c6    0.1305 0.0611   2.1369 0.0326 0.0444
v_trait_n     2.6656 0.1210  22.0227 0.0000 0.0000
c_c1_trait_n  0.6506 0.0591  11.0149 0.0000 0.0072
c_c2_trait_n  0.9045 0.0825  10.9623 0.0000 0.0087
c_c3_trait_n -0.6762 0.0750  -9.0118 0.0000 0.0163
c_c4_trait_n  0.4442 0.0729   6.0933 0.0000 0.0067
c_c5_trait_n  0.2204 0.0787   2.7998 0.0051 0.0206
c_c6_trait_n  0.0620 0.0659   0.9414 0.3465 0.0076

RI-Trait correlations (standardized):
                 est     se      p
c_c1_trait_n  0.3932 0.0285 0.0000
c_c2_trait_n  0.3908 0.0285 0.0000
c_c3_trait_n -0.3148 0.0303 0.0000
c_c4_trait_n  0.2080 0.0321 0.0000
c_c5_trait_n  0.0972 0.0343 0.0046
c_c6_trait_n  0.0318 0.0338 0.3458

Mean fit indices:
      chisq          df      pvalue         cfi         tli       rmsea 
104244.5644  18801.0000      0.0000      0.5252      0.5321      0.0684 
       srmr 
     0.0417 


============================================================
STATE: STATE_O 
============================================================

--- Model 0 : state_o ---
Converged: 20 / 20 

Pooled parameters (Rubin's Rules):
                est     se        z p    fmi
rim_c1       3.9176 0.0511  76.7279 0 0.0060
mt_trait_o   6.8027 0.0477 142.6359 0 0.0000
ar_c1        0.0852 0.0076  11.2625 0 0.2128
v1_c1        1.8932 0.0935  20.2376 0 0.1090
innov_c1     1.4185 0.0127 111.7157 0 0.1408
RIvar_c1     2.4626 0.1145  21.5167 0 0.0055
v_trait_o    2.2064 0.1002  22.0227 0 0.0000
c_c1_trait_o 0.6265 0.0784   7.9951 0 0.0030

RI-Trait correlations (standardized):
                est     se p
c_c1_trait_o 0.2688 0.0302 0

Mean fit indices:
     chisq         df     pvalue        cfi        tli      rmsea       srmr 
14522.3370   586.0000     0.0000     0.6625     0.6959     0.1566     0.0422 


--- Model 1 : state_o + happiness ---
Converged: 20 / 20 

Pooled parameters (Rubin's Rules):
                 est     se        z      p    fmi
rim_c1        3.9185 0.0510  76.7585 0.0000 0.0059
rim_c2        5.8706 0.0440 133.5533 0.0000 0.0157
mt_trait_o    6.8027 0.0477 142.6359 0.0000 0.0000
ar_c1         0.0762 0.0079   9.6697 0.0000 0.2419
ar_c2         0.1456 0.0087  16.7709 0.0000 0.3672
cl_c2_c1      0.0304 0.0056   5.4613 0.0000 0.2587
cl_c1_c2     -0.0017 0.0108  -0.1554 0.8765 0.1930
v1_c1         1.8930 0.0935  20.2395 0.0000 0.1088
v1_c2         2.6626 0.1372  19.4016 0.0000 0.1584
cov1_c1c2     0.4502 0.0801   5.6196 0.0000 0.0989
innov_c1      1.4166 0.0127 111.4978 0.0000 0.1441
innov_c2      2.8774 0.0255 112.8411 0.0000 0.1234
icov_c1c2     0.4247 0.0132  32.2717 0.0000 0.1539
RIvar_c1      2.4620 0.1144  21.5164 0.0000 0.0055
RIvar_c2      1.7326 0.0844  20.5309 0.0000 0.0142
RIcov_c1c2    0.7419 0.0738  10.0556 0.0000 0.0124
v_trait_o     2.2064 0.1002  22.0227 0.0000 0.0000
c_c1_trait_o  0.6265 0.0784   7.9958 0.0000 0.0030
c_c2_trait_o  0.2224 0.0655   3.3969 0.0007 0.0089

RI-Trait correlations (standardized):
                est     se     p
c_c1_trait_o 0.2688 0.0302 0e+00
c_c2_trait_o 0.1137 0.0329 5e-04

Mean fit indices:
     chisq         df     pvalue        cfi        tli      rmsea       srmr 
30454.0891  2191.0000     0.0000     0.5921     0.6128     0.1153     0.0395 


--- Model 2 : state_o + happiness + sociability ---
Converged: 20 / 20 

Pooled parameters (Rubin's Rules):
                 est     se        z      p    fmi
rim_c1        3.9176 0.0511  76.7358 0.0000 0.0060
rim_c2        5.8700 0.0439 133.5737 0.0000 0.0151
rim_c3        5.0520 0.0453 111.5953 0.0000 0.0275
mt_trait_o    6.8027 0.0477 142.6360 0.0000 0.0000
ar_c1         0.0796 0.0080   9.9036 0.0000 0.2576
ar_c2         0.1421 0.0088  16.1386 0.0000 0.3584
ar_c3         0.0659 0.0085   7.7740 0.0000 0.3166
cl_c2_c1      0.0338 0.0056   6.0159 0.0000 0.2393
cl_c3_c1     -0.0103 0.0035  -2.9120 0.0036 0.3068
cl_c1_c2     -0.0050 0.0110  -0.4568 0.6478 0.2101
cl_c3_c2      0.0105 0.0049   2.1584 0.0309 0.2560
cl_c1_c3      0.0126 0.0185   0.6813 0.4957 0.2365
cl_c2_c3      0.0529 0.0143   3.7033 0.0002 0.3455
v1_c1         1.8929 0.0935  20.2420 0.0000 0.1086
v1_c2         2.6629 0.1372  19.4061 0.0000 0.1580
v1_c3         7.7665 0.3785  20.5209 0.0000 0.0773
cov1_c1c2     0.4500 0.0801   5.6153 0.0000 0.0993
cov1_c1c3     0.6624 0.1362   4.8643 0.0000 0.1086
cov1_c2c3     0.9334 0.1741   5.3624 0.0000 0.2120
innov_c1      1.4160 0.0127 111.8224 0.0000 0.1391
innov_c2      2.8768 0.0255 112.8016 0.0000 0.1240
innov_c3      7.8730 0.0687 114.6586 0.0000 0.0952
icov_c1c2     0.4253 0.0132  32.2869 0.0000 0.1559
icov_c1c3     0.5947 0.0217  27.4122 0.0000 0.1590
icov_c2c3     1.1250 0.0316  35.5918 0.0000 0.1762
RIvar_c1      2.4620 0.1144  21.5169 0.0000 0.0054
RIvar_c2      1.7327 0.0844  20.5308 0.0000 0.0142
RIvar_c3      1.6573 0.0896  18.4992 0.0000 0.0381
RIcov_c1c2    0.7418 0.0738  10.0536 0.0000 0.0123
RIcov_c1c3    0.7387 0.0757   9.7614 0.0000 0.0213
RIcov_c2c3    0.7267 0.0663  10.9553 0.0000 0.0230
v_trait_o     2.2064 0.1002  22.0227 0.0000 0.0000
c_c1_trait_o  0.6261 0.0784   7.9909 0.0000 0.0030
c_c2_trait_o  0.2221 0.0655   3.3933 0.0007 0.0088
c_c3_trait_o  0.1879 0.0672   2.7973 0.0052 0.0170

RI-Trait correlations (standardized):
                est     se      p
c_c1_trait_o 0.2686 0.0302 0.0000
c_c2_trait_o 0.1136 0.0329 0.0005
c_c3_trait_o 0.0983 0.0347 0.0046

Mean fit indices:
     chisq         df     pvalue        cfi        tli      rmsea       srmr 
47742.6850  4815.0000     0.0000     0.5251     0.5408     0.0959     0.0391 


--- Model 3 : state_o + happiness + sociability + tiredness ---
Converged: 20 / 20 

Pooled parameters (Rubin's Rules):
                 est     se        z      p    fmi
rim_c1        3.9166 0.0511  76.7113 0.0000 0.0059
rim_c2        5.8684 0.0439 133.5249 0.0000 0.0156
rim_c3        5.0465 0.0453 111.3674 0.0000 0.0270
rim_c4        5.4947 0.0459 119.6289 0.0000 0.0084
mt_trait_o    6.8027 0.0477 142.6357 0.0000 0.0000
ar_c1         0.0795 0.0081   9.7801 0.0000 0.2693
ar_c2         0.1385 0.0088  15.6517 0.0000 0.3535
ar_c3         0.0643 0.0085   7.6029 0.0000 0.3112
ar_c4         0.1455 0.0079  18.3958 0.0000 0.2495
cl_c2_c1      0.0336 0.0057   5.9124 0.0000 0.2438
cl_c3_c1     -0.0104 0.0035  -2.9339 0.0033 0.3012
cl_c4_c1     -0.0010 0.0051  -0.1992 0.8421 0.2931
cl_c1_c2     -0.0081 0.0110  -0.7317 0.4643 0.2116
cl_c3_c2      0.0095 0.0049   1.9423 0.0521 0.2601
cl_c4_c2     -0.0234 0.0075  -3.1206 0.0018 0.3456
cl_c1_c3      0.0080 0.0188   0.4271 0.6693 0.2566
cl_c2_c3      0.0473 0.0143   3.3080 0.0009 0.3355
cl_c4_c3     -0.0354 0.0123  -2.8706 0.0041 0.3358
cl_c1_c4      0.0638 0.0118   5.3889 0.0000 0.1478
cl_c2_c4     -0.0434 0.0088  -4.9395 0.0000 0.2016
cl_c3_c4      0.0394 0.0055   7.1795 0.0000 0.2671
v1_c1         1.8904 0.0934  20.2422 0.0000 0.1087
v1_c2         2.6633 0.1372  19.4068 0.0000 0.1580
v1_c3         7.7611 0.3782  20.5231 0.0000 0.0772
v1_c4         4.0084 0.2043  19.6246 0.0000 0.1517
cov1_c1c2     0.4487 0.0800   5.6075 0.0000 0.0981
cov1_c1c3     0.6587 0.1361   4.8402 0.0000 0.1098
cov1_c1c4    -0.2281 0.0958  -2.3809 0.0173 0.0904
cov1_c2c3     0.9318 0.1740   5.3541 0.0000 0.2124
cov1_c2c4    -0.5869 0.1260  -4.6586 0.0000 0.2293
cov1_c3c4    -0.9024 0.2087  -4.3247 0.0000 0.1953
innov_c1      1.4160 0.0127 111.7954 0.0000 0.1395
innov_c2      2.8753 0.0256 112.4749 0.0000 0.1291
innov_c3      7.8687 0.0686 114.6922 0.0000 0.0947
innov_c4      3.5818 0.0318 112.6029 0.0000 0.1271
icov_c1c2     0.4252 0.0132  32.2961 0.0000 0.1555
icov_c1c3     0.5946 0.0217  27.4493 0.0000 0.1567
icov_c1c4    -0.2845 0.0147 -19.3001 0.0000 0.1839
icov_c2c3     1.1227 0.0317  35.4606 0.0000 0.1800
icov_c2c4    -0.5368 0.0212 -25.3363 0.0000 0.1881
icov_c3c4    -0.5896 0.0353 -16.7187 0.0000 0.2105
RIvar_c1      2.4627 0.1145  21.5167 0.0000 0.0055
RIvar_c2      1.7320 0.0844  20.5278 0.0000 0.0144
RIvar_c3      1.6628 0.0898  18.5226 0.0000 0.0373
RIvar_c4      1.8891 0.0933  20.2530 0.0000 0.0236
RIcov_c1c2    0.7424 0.0738  10.0600 0.0000 0.0126
RIcov_c1c3    0.7409 0.0758   9.7745 0.0000 0.0216
RIcov_c1c4    0.4686 0.0744   6.3022 0.0000 0.0094
RIcov_c2c3    0.7263 0.0664  10.9367 0.0000 0.0237
RIcov_c2c4   -0.1992 0.0630  -3.1619 0.0016 0.0142
RIcov_c3c4    0.1255 0.0643   1.9506 0.0511 0.0163
v_trait_o     2.2064 0.1002  22.0227 0.0000 0.0000
c_c1_trait_o  0.6262 0.0784   7.9909 0.0000 0.0030
c_c2_trait_o  0.2224 0.0655   3.3979 0.0007 0.0088
c_c3_trait_o  0.1889 0.0673   2.8082 0.0050 0.0173
c_c4_trait_o -0.0964 0.0685  -1.4081 0.1591 0.0132

RI-Trait correlations (standardized):
                 est     se      p
c_c1_trait_o  0.2686 0.0302 0.0000
c_c2_trait_o  0.1138 0.0329 0.0005
c_c3_trait_o  0.0986 0.0347 0.0045
c_c4_trait_o -0.0472 0.0334 0.1577

Mean fit indices:
     chisq         df     pvalue        cfi        tli      rmsea       srmr 
66500.3988  8458.0000     0.0000     0.5066     0.5184     0.0841     0.0387 


--- Model 4 : state_o + happiness + sociability + tiredness + duty ---
Converged: 20 / 20 

Pooled parameters (Rubin's Rules):
                 est     se        z      p    fmi
rim_c1        3.9168 0.0511  76.7069 0.0000 0.0060
rim_c2        5.8716 0.0439 133.6181 0.0000 0.0157
rim_c3        5.0485 0.0453 111.4108 0.0000 0.0276
rim_c4        5.4932 0.0459 119.5746 0.0000 0.0085
rim_c5        5.4626 0.0480 113.8100 0.0000 0.0209
mt_trait_o    6.8027 0.0477 142.6358 0.0000 0.0000
ar_c1         0.0799 0.0083   9.6077 0.0000 0.2840
ar_c2         0.1287 0.0094  13.7279 0.0000 0.3950
ar_c3         0.0649 0.0085   7.6745 0.0000 0.3096
ar_c4         0.1458 0.0079  18.4482 0.0000 0.2473
ar_c5         0.1539 0.0080  19.2486 0.0000 0.2471
cl_c2_c1      0.0332 0.0058   5.6955 0.0000 0.2419
cl_c3_c1     -0.0103 0.0035  -2.9099 0.0036 0.3033
cl_c4_c1     -0.0010 0.0051  -0.1997 0.8417 0.2909
cl_c5_c1     -0.0012 0.0037  -0.3365 0.7365 0.2360
cl_c1_c2      0.0020 0.0112   0.1773 0.8593 0.2121
cl_c3_c2      0.0105 0.0049   2.1391 0.0324 0.2660
cl_c4_c2     -0.0241 0.0075  -3.2090 0.0013 0.3440
cl_c5_c2     -0.0283 0.0055  -5.1393 0.0000 0.3144
cl_c1_c3      0.0143 0.0194   0.7389 0.4600 0.2856
cl_c2_c3      0.0410 0.0145   2.8363 0.0046 0.3166
cl_c4_c3     -0.0357 0.0123  -2.8967 0.0038 0.3349
cl_c5_c3     -0.0177 0.0088  -2.0159 0.0438 0.2619
cl_c1_c4      0.0598 0.0121   4.9289 0.0000 0.1656
cl_c2_c4     -0.0395 0.0089  -4.4246 0.0000 0.1836
cl_c3_c4      0.0388 0.0055   7.0690 0.0000 0.2702
cl_c5_c4      0.0117 0.0059   1.9844 0.0472 0.2571
cl_c1_c5     -0.0338 0.0171  -1.9734 0.0485 0.2400
cl_c2_c5     -0.0349 0.0124  -2.8183 0.0048 0.2299
cl_c3_c5     -0.0336 0.0068  -4.9605 0.0000 0.1278
cl_c4_c5     -0.0040 0.0105  -0.3764 0.7066 0.2460
v1_c1         1.8903 0.0934  20.2429 0.0000 0.1087
v1_c2         2.6634 0.1371  19.4278 0.0000 0.1566
v1_c3         7.7523 0.3781  20.5061 0.0000 0.0795
v1_c4         4.0116 0.2043  19.6340 0.0000 0.1511
v1_c5         7.1184 0.3485  20.4280 0.0000 0.0826
cov1_c1c2     0.4492 0.0800   5.6164 0.0000 0.0975
cov1_c1c3     0.6601 0.1360   4.8543 0.0000 0.1098
cov1_c1c4    -0.2275 0.0958  -2.3737 0.0176 0.0903
cov1_c1c5     0.4745 0.1291   3.6764 0.0002 0.1025
cov1_c2c3     0.9301 0.1741   5.3430 0.0000 0.2142
cov1_c2c4    -0.5845 0.1261  -4.6355 0.0000 0.2306
cov1_c2c5    -0.7336 0.1542  -4.7570 0.0000 0.0910
cov1_c3c4    -0.8988 0.2086  -4.3094 0.0000 0.1954
cov1_c3c5     0.7253 0.2688   2.6981 0.0070 0.1549
cov1_c4c5    -0.1506 0.1965  -0.7664 0.4434 0.1857
innov_c1      1.4160 0.0127 111.8043 0.0000 0.1394
innov_c2      2.8718 0.0255 112.4839 0.0000 0.1289
innov_c3      7.8681 0.0687 114.5800 0.0000 0.0965
innov_c4      3.5810 0.0318 112.4681 0.0000 0.1292
innov_c5      6.5127 0.0598 108.8243 0.0000 0.1848
icov_c1c2     0.4251 0.0132  32.2507 0.0000 0.1585
icov_c1c3     0.5945 0.0217  27.4281 0.0000 0.1579
icov_c1c4    -0.2845 0.0148 -19.2882 0.0000 0.1849
icov_c1c5     0.3608 0.0195  18.5024 0.0000 0.1535
icov_c2c3     1.1210 0.0317  35.3467 0.0000 0.1838
icov_c2c4    -0.5353 0.0212 -25.2841 0.0000 0.1883
icov_c2c5    -0.8244 0.0312 -26.3942 0.0000 0.3162
icov_c3c4    -0.5889 0.0353 -16.7033 0.0000 0.2103
icov_c3c5    -0.1628 0.0442  -3.6824 0.0002 0.0972
icov_c4c5    -0.0462 0.0332  -1.3906 0.1643 0.2718
RIvar_c1      2.4628 0.1145  21.5157 0.0000 0.0056
RIvar_c2      1.7311 0.0843  20.5234 0.0000 0.0145
RIvar_c3      1.6615 0.0898  18.5109 0.0000 0.0382
RIvar_c4      1.8897 0.0933  20.2481 0.0000 0.0242
RIvar_c5      1.9263 0.1021  18.8598 0.0000 0.0526
RIcov_c1c2    0.7417 0.0738  10.0526 0.0000 0.0127
RIcov_c1c3    0.7417 0.0758   9.7849 0.0000 0.0218
RIcov_c1c4    0.4691 0.0744   6.3070 0.0000 0.0094
RIcov_c1c5    0.6266 0.0788   7.9471 0.0000 0.0205
RIcov_c2c3    0.7250 0.0664  10.9214 0.0000 0.0241
RIcov_c2c4   -0.1997 0.0630  -3.1705 0.0015 0.0140
RIcov_c2c5    0.0944 0.0655   1.4420 0.1493 0.0283
RIcov_c3c4    0.1261 0.0643   1.9611 0.0499 0.0163
RIcov_c3c5    0.5513 0.0688   8.0127 0.0000 0.0141
RIcov_c4c5    0.5724 0.0707   8.1018 0.0000 0.0137
v_trait_o     2.2064 0.1002  22.0227 0.0000 0.0000
c_c1_trait_o  0.6261 0.0784   7.9900 0.0000 0.0031
c_c2_trait_o  0.2233 0.0654   3.4116 0.0006 0.0088
c_c3_trait_o  0.1893 0.0672   2.8159 0.0049 0.0165
c_c4_trait_o -0.0970 0.0685  -1.4158 0.1568 0.0133
c_c5_trait_o  0.0325 0.0711   0.4570 0.6476 0.0160

RI-Trait correlations (standardized):
                 est     se      p
c_c1_trait_o  0.2686 0.0302 0.0000
c_c2_trait_o  0.1142 0.0329 0.0005
c_c3_trait_o  0.0989 0.0347 0.0043
c_c4_trait_o -0.0475 0.0334 0.1555
c_c5_trait_o  0.0158 0.0345 0.6475

Mean fit indices:
     chisq         df     pvalue        cfi        tli      rmsea       srmr 
86795.0466 13120.0000     0.0000     0.4794     0.4889     0.0761     0.0395 


--- Model 5 : state_o + happiness + sociability + tiredness + duty + negativity ---
Converged: 20 / 20 

Pooled parameters (Rubin's Rules):
                 est     se        z      p    fmi
rim_c1        3.9162 0.0511  76.6868 0.0000 0.0062
rim_c2        5.8717 0.0439 133.6201 0.0000 0.0157
rim_c3        5.0492 0.0453 111.3840 0.0000 0.0281
rim_c4        5.4928 0.0459 119.5969 0.0000 0.0086
rim_c5        5.4627 0.0480 113.8214 0.0000 0.0207
rim_c6        3.4029 0.0438  77.7197 0.0000 0.0094
mt_trait_o    6.8027 0.0477 142.6361 0.0000 0.0000
ar_c1         0.0798 0.0083   9.5614 0.0000 0.2866
ar_c2         0.1265 0.0098  12.9745 0.0000 0.4057
ar_c3         0.0633 0.0087   7.3038 0.0000 0.3231
ar_c4         0.1436 0.0079  18.2724 0.0000 0.2375
ar_c5         0.1559 0.0083  18.8214 0.0000 0.2434
ar_c6         0.0723 0.0092   7.8684 0.0000 0.3485
cl_c2_c1      0.0335 0.0061   5.5379 0.0000 0.2534
cl_c3_c1     -0.0105 0.0036  -2.9256 0.0034 0.2982
cl_c4_c1     -0.0011 0.0051  -0.2160 0.8290 0.2929
cl_c5_c1     -0.0015 0.0039  -0.3771 0.7061 0.2548
cl_c6_c1      0.0015 0.0052   0.2868 0.7742 0.2701
cl_c1_c2      0.0028 0.0111   0.2510 0.8018 0.2051
cl_c3_c2      0.0113 0.0050   2.2559 0.0241 0.2745
cl_c4_c2     -0.0236 0.0075  -3.1566 0.0016 0.3388
cl_c5_c2     -0.0268 0.0056  -4.7538 0.0000 0.2928
cl_c6_c2     -0.0074 0.0076  -0.9763 0.3289 0.2872
cl_c1_c3      0.0135 0.0194   0.6955 0.4867 0.2813
cl_c2_c3      0.0448 0.0148   3.0266 0.0025 0.3069
cl_c4_c3     -0.0362 0.0123  -2.9415 0.0033 0.3320
cl_c5_c3     -0.0204 0.0091  -2.2396 0.0251 0.2567
cl_c6_c3      0.0133 0.0120   1.1052 0.2691 0.2307
cl_c1_c4      0.0558 0.0121   4.6240 0.0000 0.1553
cl_c2_c4     -0.0277 0.0094  -2.9629 0.0030 0.2105
cl_c3_c4      0.0342 0.0056   6.0708 0.0000 0.2864
cl_c5_c4      0.0034 0.0061   0.5585 0.5765 0.2563
cl_c6_c4      0.0408 0.0080   5.0715 0.0000 0.2162
cl_c1_c5     -0.0330 0.0171  -1.9335 0.0532 0.2310
cl_c2_c5     -0.0377 0.0129  -2.9163 0.0035 0.2475
cl_c3_c5     -0.0325 0.0070  -4.6750 0.0000 0.1479
cl_c4_c5     -0.0035 0.0105  -0.3320 0.7399 0.2413
cl_c6_c5     -0.0093 0.0105  -0.8877 0.3747 0.1671
cl_c1_c6      0.0463 0.0136   3.4081 0.0007 0.2902
cl_c2_c6     -0.0151 0.0102  -1.4747 0.1403 0.2955
cl_c3_c6     -0.0072 0.0054  -1.3206 0.1866 0.1840
cl_c4_c6      0.0128 0.0085   1.5092 0.1312 0.3183
cl_c5_c6      0.0246 0.0066   3.7349 0.0002 0.3111
v1_c1         1.8891 0.0933  20.2490 0.0000 0.1082
v1_c2         2.6629 0.1371  19.4280 0.0000 0.1566
v1_c3         7.7529 0.3780  20.5078 0.0000 0.0794
v1_c4         4.0115 0.2044  19.6244 0.0000 0.1520
v1_c5         7.1157 0.3483  20.4287 0.0000 0.0827
v1_c6         3.6208 0.1813  19.9715 0.0000 0.1187
cov1_c1c2     0.4491 0.0800   5.6166 0.0000 0.0977
cov1_c1c3     0.6574 0.1359   4.8366 0.0000 0.1097
cov1_c1c4    -0.2267 0.0958  -2.3665 0.0180 0.0902
cov1_c1c5     0.4733 0.1289   3.6702 0.0002 0.1018
cov1_c1c6     0.2898 0.0914   3.1705 0.0015 0.0922
cov1_c2c3     0.9308 0.1741   5.3474 0.0000 0.2142
cov1_c2c4    -0.5838 0.1261  -4.6313 0.0000 0.2304
cov1_c2c5    -0.7328 0.1542  -4.7539 0.0000 0.0909
cov1_c2c6    -0.6854 0.1130  -6.0647 0.0000 0.1196
cov1_c3c4    -0.9004 0.2085  -4.3190 0.0000 0.1946
cov1_c3c5     0.7210 0.2685   2.6851 0.0072 0.1534
cov1_c3c6     1.1341 0.1935   5.8613 0.0000 0.1393
cov1_c4c5    -0.1510 0.1965  -0.7684 0.4423 0.1860
cov1_c4c6    -0.0487 0.1380  -0.3527 0.7243 0.1591
cov1_c5c6     1.9874 0.1886  10.5360 0.0000 0.0808
innov_c1      1.4160 0.0127 111.7871 0.0000 0.1397
innov_c2      2.8716 0.0255 112.5419 0.0000 0.1280
innov_c3      7.8676 0.0687 114.5649 0.0000 0.0967
innov_c4      3.5770 0.0317 112.7201 0.0000 0.1252
innov_c5      6.5125 0.0599 108.7990 0.0000 0.1852
innov_c6      3.8162 0.0344 110.8852 0.0000 0.1537
icov_c1c2     0.4251 0.0132  32.2662 0.0000 0.1578
icov_c1c3     0.5946 0.0216  27.4679 0.0000 0.1558
icov_c1c4    -0.2847 0.0147 -19.3765 0.0000 0.1794
icov_c1c5     0.3609 0.0195  18.5070 0.0000 0.1534
icov_c1c6     0.1251 0.0149   8.4103 0.0000 0.1574
icov_c2c3     1.1213 0.0317  35.3358 0.0000 0.1848
icov_c2c4    -0.5346 0.0212 -25.2109 0.0000 0.1918
icov_c2c5    -0.8246 0.0312 -26.4058 0.0000 0.3159
icov_c2c6    -0.8596 0.0231 -37.1933 0.0000 0.2462
icov_c3c4    -0.5902 0.0353 -16.7210 0.0000 0.2129
icov_c3c5    -0.1624 0.0442  -3.6715 0.0002 0.0978
icov_c3c6     0.5676 0.0368  15.4172 0.0000 0.2297
icov_c4c5    -0.0454 0.0332  -1.3679 0.1713 0.2707
icov_c4c6     0.2462 0.0233  10.5443 0.0000 0.1341
icov_c5c6     1.5594 0.0330  47.2234 0.0000 0.1388
RIvar_c1      2.4630 0.1145  21.5159 0.0000 0.0056
RIvar_c2      1.7310 0.0843  20.5227 0.0000 0.0146
RIvar_c3      1.6621 0.0898  18.5121 0.0000 0.0382
RIvar_c4      1.8883 0.0933  20.2477 0.0000 0.0242
RIvar_c5      1.9264 0.1022  18.8572 0.0000 0.0528
RIvar_c6      1.7060 0.0852  20.0230 0.0000 0.0356
RIcov_c1c2    0.7419 0.0738  10.0551 0.0000 0.0128
RIcov_c1c3    0.7415 0.0758   9.7819 0.0000 0.0216
RIcov_c1c4    0.4688 0.0744   6.3054 0.0000 0.0095
RIcov_c1c5    0.6267 0.0789   7.9466 0.0000 0.0208
RIcov_c1c6    0.9734 0.0766  12.7128 0.0000 0.0171
RIcov_c2c3    0.7249 0.0664  10.9192 0.0000 0.0239
RIcov_c2c4   -0.1990 0.0630  -3.1605 0.0016 0.0142
RIcov_c2c5    0.0943 0.0655   1.4408 0.1497 0.0283
RIcov_c2c6   -0.2569 0.0605  -4.2435 0.0000 0.0206
RIcov_c3c4    0.1269 0.0643   1.9742 0.0484 0.0162
RIcov_c3c5    0.5518 0.0688   8.0168 0.0000 0.0143
RIcov_c3c6    0.3835 0.0629   6.0952 0.0000 0.0279
RIcov_c4c5    0.5730 0.0706   8.1106 0.0000 0.0139
RIcov_c4c6    0.7961 0.0678  11.7510 0.0000 0.0122
RIcov_c5c6    0.8946 0.0738  12.1214 0.0000 0.0626
v_trait_o     2.2064 0.1002  22.0227 0.0000 0.0000
c_c1_trait_o  0.6259 0.0784   7.9872 0.0000 0.0031
c_c2_trait_o  0.2232 0.0654   3.4107 0.0006 0.0088
c_c3_trait_o  0.1888 0.0672   2.8087 0.0050 0.0167
c_c4_trait_o -0.0973 0.0685  -1.4215 0.1552 0.0133
c_c5_trait_o  0.0325 0.0711   0.4564 0.6481 0.0161
c_c6_trait_o -0.0211 0.0651  -0.3247 0.7454 0.0100

RI-Trait correlations (standardized):
                 est     se      p
c_c1_trait_o  0.2685 0.0302 0.0000
c_c2_trait_o  0.1142 0.0329 0.0005
c_c3_trait_o  0.0986 0.0347 0.0044
c_c4_trait_o -0.0477 0.0334 0.1538
c_c5_trait_o  0.0157 0.0345 0.6479
c_c6_trait_o -0.0109 0.0335 0.7454

Mean fit indices:
      chisq          df      pvalue         cfi         tli       rmsea 
106443.0305  18801.0000      0.0000      0.4870      0.4945      0.0693 
       srmr 
     0.0391 


============================================================
STATE: STATE_A 
============================================================

--- Model 0 : state_a ---
Converged: 20 / 20 

Pooled parameters (Rubin's Rules):
                est     se        z p    fmi
rim_c1       6.1663 0.0494 124.8581 0 0.0080
mt_trait_a   7.4206 0.0399 186.0861 0 0.0000
ar_c1        0.1001 0.0078  12.7547 0 0.2633
v1_c1        2.6114 0.1307  19.9734 0 0.1244
innov_c1     2.2681 0.0204 111.1117 0 0.1500
RIvar_c1     2.2638 0.1071  21.1438 0 0.0092
v_trait_a    1.5425 0.0700  22.0227 0 0.0000
c_c1_trait_a 0.4956 0.0632   7.8355 0 0.0037

RI-Trait correlations (standardized):
                est     se p
c_c1_trait_a 0.2652 0.0305 0

Mean fit indices:
     chisq         df     pvalue        cfi        tli      rmsea       srmr 
15118.1390   586.0000     0.0000     0.5565     0.6004     0.1599     0.0465 


--- Model 1 : state_a + sociability ---
Converged: 20 / 20 

Pooled parameters (Rubin's Rules):
                 est     se        z      p    fmi
rim_c1        6.1654 0.0494 124.8508 0.0000 0.0079
rim_c2        5.0486 0.0453 111.5383 0.0000 0.0269
mt_trait_a    7.4206 0.0399 186.0863 0.0000 0.0000
ar_c1         0.1093 0.0087  12.6229 0.0000 0.2267
ar_c2         0.0651 0.0089   7.3001 0.0000 0.2659
cl_c2_c1     -0.0104 0.0044  -2.3917 0.0168 0.1345
cl_c1_c2      0.0353 0.0155   2.2817 0.0225 0.1752
v1_c1         2.6095 0.1306  19.9791 0.0000 0.1244
v1_c2         7.7608 0.3781  20.5259 0.0000 0.0765
cov1_c1c2     2.2379 0.1720  13.0077 0.0000 0.0653
innov_c1      2.2677 0.0204 111.1335 0.0000 0.1497
innov_c2      7.8775 0.0686 114.8141 0.0000 0.0928
icov_c1c2     1.9809 0.0296  66.9905 0.0000 0.1424
RIvar_c1      2.2636 0.1071  21.1419 0.0000 0.0094
RIvar_c2      1.6584 0.0896  18.5080 0.0000 0.0378
RIcov_c1c2    0.9470 0.0767  12.3398 0.0000 0.0237
v_trait_a     1.5425 0.0700  22.0227 0.0000 0.0000
c_c1_trait_a  0.4955 0.0632   7.8353 0.0000 0.0037
c_c2_trait_a  0.1838 0.0564   3.2568 0.0011 0.0234

RI-Trait correlations (standardized):
                est     se     p
c_c1_trait_a 0.2652 0.0305 0e+00
c_c2_trait_a 0.1149 0.0347 9e-04

Mean fit indices:
     chisq         df     pvalue        cfi        tli      rmsea       srmr 
31335.2000  2191.0000     0.0000     0.5063     0.5313     0.1171     0.0453 


--- Model 2 : state_a + sociability + happiness ---
Converged: 20 / 20 

Pooled parameters (Rubin's Rules):
                 est     se        z      p    fmi
rim_c1        6.1656 0.0494 124.8808 0.0000 0.0078
rim_c2        5.0491 0.0453 111.5366 0.0000 0.0275
rim_c3        5.8704 0.0439 133.5821 0.0000 0.0149
mt_trait_a    7.4206 0.0399 186.0865 0.0000 0.0000
ar_c1         0.1013 0.0089  11.4367 0.0000 0.2163
ar_c2         0.0622 0.0090   6.9023 0.0000 0.2740
ar_c3         0.1389 0.0090  15.3739 0.0000 0.3728
cl_c2_c1     -0.0120 0.0044  -2.7138 0.0067 0.1412
cl_c3_c1      0.0263 0.0069   3.7860 0.0002 0.1796
cl_c1_c2      0.0201 0.0159   1.2622 0.2069 0.1694
cl_c3_c2      0.0502 0.0145   3.4574 0.0005 0.3491
cl_c1_c3      0.0130 0.0106   1.2296 0.2188 0.3137
cl_c2_c3      0.0073 0.0052   1.3965 0.1625 0.2241
v1_c1         2.6118 0.1307  19.9884 0.0000 0.1238
v1_c2         7.7618 0.3783  20.5168 0.0000 0.0774
v1_c3         2.6625 0.1370  19.4361 0.0000 0.1562
cov1_c1c2     2.2403 0.1721  13.0140 0.0000 0.0654
cov1_c1c3     0.7191 0.1004   7.1624 0.0000 0.1785
cov1_c2c3     0.9343 0.1740   5.3706 0.0000 0.2119
innov_c1      2.2664 0.0204 111.0744 0.0000 0.1506
innov_c2      7.8729 0.0687 114.6781 0.0000 0.0949
innov_c3      2.8766 0.0255 112.7094 0.0000 0.1255
icov_c1c2     1.9785 0.0296  66.8252 0.0000 0.1458
icov_c1c3     0.8194 0.0174  47.0315 0.0000 0.1845
icov_c2c3     1.1246 0.0316  35.5460 0.0000 0.1778
RIvar_c1      2.2630 0.1070  21.1427 0.0000 0.0092
RIvar_c2      1.6573 0.0896  18.4945 0.0000 0.0387
RIvar_c3      1.7330 0.0844  20.5290 0.0000 0.0143
RIcov_c1c2    0.9461 0.0767  12.3298 0.0000 0.0243
RIcov_c1c3    1.2373 0.0785  15.7535 0.0000 0.0062
RIcov_c2c3    0.7272 0.0663  10.9608 0.0000 0.0231
v_trait_a     1.5425 0.0700  22.0227 0.0000 0.0000
c_c1_trait_a  0.4957 0.0632   7.8385 0.0000 0.0037
c_c2_trait_a  0.1840 0.0564   3.2597 0.0011 0.0239
c_c3_trait_a  0.3622 0.0558   6.4938 0.0000 0.0132

RI-Trait correlations (standardized):
                est     se     p
c_c1_trait_a 0.2653 0.0305 0e+00
c_c2_trait_a 0.1151 0.0347 9e-04
c_c3_trait_a 0.2215 0.0318 0e+00

Mean fit indices:
     chisq         df     pvalue        cfi        tli      rmsea       srmr 
47779.2305  4815.0000     0.0000     0.5176     0.5335     0.0959     0.0423 


--- Model 3 : state_a + sociability + happiness + tiredness ---
Converged: 20 / 20 

Pooled parameters (Rubin's Rules):
                 est     se        z      p    fmi
rim_c1        6.1631 0.0494 124.8062 0.0000 0.0078
rim_c2        5.0439 0.0453 111.3085 0.0000 0.0269
rim_c3        5.8690 0.0440 133.5370 0.0000 0.0155
rim_c4        5.4927 0.0459 119.6098 0.0000 0.0086
mt_trait_a    7.4206 0.0399 186.0855 0.0000 0.0000
ar_c1         0.1008 0.0088  11.4034 0.0000 0.2134
ar_c2         0.0606 0.0090   6.7341 0.0000 0.2693
ar_c3         0.1351 0.0091  14.8656 0.0000 0.3689
ar_c4         0.1433 0.0078  18.2692 0.0000 0.2418
cl_c2_c1     -0.0127 0.0044  -2.8570 0.0043 0.1465
cl_c3_c1      0.0238 0.0070   3.4209 0.0006 0.1693
cl_c4_c1     -0.0144 0.0062  -2.3025 0.0213 0.2583
cl_c1_c2      0.0190 0.0159   1.1939 0.2325 0.1690
cl_c3_c2      0.0442 0.0146   3.0306 0.0024 0.3427
cl_c4_c2     -0.0354 0.0121  -2.9113 0.0036 0.3204
cl_c1_c3      0.0123 0.0106   1.1643 0.2443 0.3133
cl_c2_c3      0.0063 0.0053   1.2025 0.2292 0.2310
cl_c4_c3     -0.0226 0.0075  -3.0230 0.0025 0.3444
cl_c1_c4      0.0553 0.0113   4.8950 0.0000 0.2491
cl_c2_c4      0.0305 0.0060   5.1061 0.0000 0.2602
cl_c3_c4     -0.0469 0.0089  -5.2942 0.0000 0.1870
v1_c1         2.6084 0.1304  20.0021 0.0000 0.1228
v1_c2         7.7553 0.3779  20.5219 0.0000 0.0771
v1_c3         2.6631 0.1370  19.4437 0.0000 0.1555
v1_c4         4.0085 0.2043  19.6247 0.0000 0.1515
cov1_c1c2     2.2360 0.1719  13.0106 0.0000 0.0649
cov1_c1c3     0.7180 0.1003   7.1564 0.0000 0.1784
cov1_c1c4    -0.2581 0.1144  -2.2557 0.0241 0.1167
cov1_c2c3     0.9324 0.1738   5.3638 0.0000 0.2114
cov1_c2c4    -0.9016 0.2086  -4.3222 0.0000 0.1953
cov1_c3c4    -0.5861 0.1259  -4.6558 0.0000 0.2286
innov_c1      2.2657 0.0204 111.1630 0.0000 0.1493
innov_c2      7.8685 0.0686 114.6838 0.0000 0.0948
innov_c3      2.8751 0.0256 112.4199 0.0000 0.1300
innov_c4      3.5821 0.0319 112.3936 0.0000 0.1303
icov_c1c2     1.9768 0.0296  66.7574 0.0000 0.1469
icov_c1c3     0.8185 0.0174  47.0996 0.0000 0.1811
icov_c1c4    -0.3014 0.0185 -16.2770 0.0000 0.1760
icov_c2c3     1.1224 0.0317  35.4311 0.0000 0.1809
icov_c2c4    -0.5904 0.0354 -16.6976 0.0000 0.2144
icov_c3c4    -0.5382 0.0212 -25.4037 0.0000 0.1880
RIvar_c1      2.2639 0.1071  21.1450 0.0000 0.0092
RIvar_c2      1.6631 0.0898  18.5198 0.0000 0.0378
RIvar_c3      1.7323 0.0844  20.5262 0.0000 0.0145
RIvar_c4      1.8878 0.0932  20.2520 0.0000 0.0237
RIcov_c1c2    0.9482 0.0769  12.3376 0.0000 0.0244
RIcov_c1c3    1.2368 0.0785  15.7480 0.0000 0.0064
RIcov_c1c4    0.2488 0.0707   3.5197 0.0004 0.0059
RIcov_c2c3    0.7269 0.0664  10.9408 0.0000 0.0240
RIcov_c2c4    0.1247 0.0643   1.9391 0.0525 0.0165
RIcov_c3c4   -0.1993 0.0630  -3.1659 0.0015 0.0138
v_trait_a     1.5425 0.0700  22.0227 0.0000 0.0000
c_c1_trait_a  0.4952 0.0632   7.8306 0.0000 0.0037
c_c2_trait_a  0.1831 0.0565   3.2405 0.0012 0.0241
c_c3_trait_a  0.3619 0.0558   6.4894 0.0000 0.0133
c_c4_trait_a -0.1209 0.0571  -2.1161 0.0343 0.0075

RI-Trait correlations (standardized):
                 est     se      p
c_c1_trait_a  0.2650 0.0305 0.0000
c_c2_trait_a  0.1143 0.0347 0.0010
c_c3_trait_a  0.2214 0.0318 0.0000
c_c4_trait_a -0.0709 0.0332 0.0331

Mean fit indices:
     chisq         df     pvalue        cfi        tli      rmsea       srmr 
66459.3489  8458.0000     0.0000     0.5000     0.5120     0.0841     0.0408 


--- Model 4 : state_a + sociability + happiness + tiredness + hunger ---
Converged: 20 / 20 

Pooled parameters (Rubin's Rules):
                 est     se        z      p    fmi
rim_c1        6.1621 0.0494 124.7743 0.0000 0.0080
rim_c2        5.0424 0.0453 111.2335 0.0000 0.0273
rim_c3        5.8668 0.0439 133.5313 0.0000 0.0153
rim_c4        5.4909 0.0459 119.6135 0.0000 0.0084
rim_c5        4.1221 0.0399 103.3890 0.0000 0.0240
mt_trait_a    7.4206 0.0399 186.0863 0.0000 0.0000
ar_c1         0.1007 0.0088  11.3845 0.0000 0.2134
ar_c2         0.0603 0.0090   6.6847 0.0000 0.2738
ar_c3         0.1349 0.0091  14.8351 0.0000 0.3696
ar_c4         0.1413 0.0078  18.0653 0.0000 0.2344
ar_c5        -0.0668 0.0077  -8.6982 0.0000 0.2280
cl_c2_c1     -0.0128 0.0044  -2.8716 0.0041 0.1508
cl_c3_c1      0.0237 0.0070   3.4023 0.0007 0.1719
cl_c4_c1     -0.0147 0.0063  -2.3147 0.0206 0.2768
cl_c5_c1      0.0022 0.0060   0.3690 0.7121 0.4027
cl_c1_c2      0.0189 0.0159   1.1891 0.2344 0.1644
cl_c3_c2      0.0440 0.0146   3.0160 0.0026 0.3421
cl_c4_c2     -0.0362 0.0123  -2.9514 0.0032 0.3309
cl_c5_c2      0.0059 0.0101   0.5825 0.5602 0.2739
cl_c1_c3      0.0120 0.0105   1.1369 0.2556 0.3088
cl_c2_c3      0.0061 0.0053   1.1562 0.2476 0.2349
cl_c4_c3     -0.0234 0.0076  -3.0864 0.0020 0.3574
cl_c5_c3      0.0068 0.0057   1.2046 0.2284 0.1526
cl_c1_c4      0.0542 0.0113   4.7873 0.0000 0.2522
cl_c2_c4      0.0301 0.0060   5.0448 0.0000 0.2557
cl_c3_c4     -0.0473 0.0089  -5.3366 0.0000 0.1909
cl_c5_c4      0.0196 0.0067   2.9235 0.0035 0.2482
cl_c1_c5      0.0126 0.0125   1.0147 0.3103 0.1884
cl_c2_c5      0.0050 0.0066   0.7523 0.4519 0.1987
cl_c3_c5     -0.0309 0.0106  -2.9176 0.0035 0.2540
cl_c4_c5      0.0102 0.0088   1.1540 0.2485 0.2205
v1_c1         2.6088 0.1305  19.9982 0.0000 0.1231
v1_c2         7.7562 0.3777  20.5332 0.0000 0.0764
v1_c3         2.6627 0.1370  19.4411 0.0000 0.1558
v1_c4         4.0077 0.2040  19.6408 0.0000 0.1505
v1_c5         4.9431 0.2444  20.2289 0.0000 0.1137
cov1_c1c2     2.2380 0.1720  13.0127 0.0000 0.0658
cov1_c1c3     0.7190 0.1004   7.1638 0.0000 0.1789
cov1_c1c4    -0.2558 0.1145  -2.2349 0.0254 0.1178
cov1_c1c5     0.3232 0.1269   2.5466 0.0109 0.1210
cov1_c2c3     0.9310 0.1739   5.3553 0.0000 0.2118
cov1_c2c4    -0.9018 0.2087  -4.3216 0.0000 0.1961
cov1_c2c5     0.4448 0.2228   1.9962 0.0459 0.1548
cov1_c3c4    -0.5866 0.1259  -4.6602 0.0000 0.2289
cov1_c3c5     0.1430 0.1275   1.1212 0.2622 0.1091
cov1_c4c5     0.2795 0.1633   1.7118 0.0869 0.1851
innov_c1      2.2656 0.0204 111.1645 0.0000 0.1493
innov_c2      7.8682 0.0686 114.6911 0.0000 0.0947
innov_c3      2.8750 0.0256 112.3743 0.0000 0.1307
innov_c4      3.5807 0.0319 112.1517 0.0000 0.1340
innov_c5      4.7121 0.0415 113.4134 0.0000 0.1148
icov_c1c2     1.9766 0.0296  66.7980 0.0000 0.1458
icov_c1c3     0.8184 0.0174  47.0631 0.0000 0.1822
icov_c1c4    -0.3016 0.0186 -16.2454 0.0000 0.1805
icov_c1c5     0.1952 0.0213   9.1868 0.0000 0.1834
icov_c2c3     1.1221 0.0317  35.3958 0.0000 0.1823
icov_c2c4    -0.5907 0.0354 -16.6916 0.0000 0.2161
icov_c2c5     0.3035 0.0386   7.8724 0.0000 0.1393
icov_c3c4    -0.5387 0.0212 -25.4094 0.0000 0.1893
icov_c3c5     0.1054 0.0250   4.2215 0.0000 0.2514
icov_c4c5     0.2528 0.0282   8.9703 0.0000 0.2657
RIvar_c1      2.2641 0.1071  21.1453 0.0000 0.0092
RIvar_c2      1.6640 0.0898  18.5237 0.0000 0.0376
RIvar_c3      1.7315 0.0844  20.5267 0.0000 0.0145
RIvar_c4      1.8869 0.0932  20.2548 0.0000 0.0234
RIvar_c5      1.3711 0.0691  19.8466 0.0000 0.0210
RIcov_c1c2    0.9486 0.0769  12.3397 0.0000 0.0243
RIcov_c1c3    1.2369 0.0785  15.7509 0.0000 0.0064
RIcov_c1c4    0.2488 0.0707   3.5210 0.0004 0.0060
RIcov_c1c5    0.1691 0.0611   2.7659 0.0057 0.0173
RIcov_c2c3    0.7274 0.0664  10.9469 0.0000 0.0241
RIcov_c2c4    0.1249 0.0643   1.9418 0.0522 0.0165
RIcov_c2c5    0.3913 0.0574   6.8159 0.0000 0.0360
RIcov_c3c4   -0.1999 0.0629  -3.1766 0.0015 0.0138
RIcov_c3c5    0.1445 0.0542   2.6671 0.0077 0.0171
RIcov_c4c5    0.6933 0.0610  11.3619 0.0000 0.0170
v_trait_a     1.5425 0.0700  22.0227 0.0000 0.0000
c_c1_trait_a  0.4950 0.0632   7.8275 0.0000 0.0037
c_c2_trait_a  0.1828 0.0565   3.2347 0.0012 0.0238
c_c3_trait_a  0.3613 0.0557   6.4814 0.0000 0.0132
c_c4_trait_a -0.1214 0.0571  -2.1259 0.0335 0.0074
c_c5_trait_a -0.1311 0.0495  -2.6498 0.0081 0.0147

RI-Trait correlations (standardized):
                 est     se      p
c_c1_trait_a  0.2649 0.0305 0.0000
c_c2_trait_a  0.1141 0.0347 0.0010
c_c3_trait_a  0.2211 0.0318 0.0000
c_c4_trait_a -0.0712 0.0332 0.0322
c_c5_trait_a -0.0901 0.0336 0.0073

Mean fit indices:
     chisq         df     pvalue        cfi        tli      rmsea       srmr 
85902.2707 13120.0000     0.0000     0.4679     0.4776     0.0756     0.0392 


--- Model 5 : state_a + sociability + happiness + tiredness + hunger + stress ---
Converged: 20 / 20 

Pooled parameters (Rubin's Rules):
                 est     se        z      p    fmi
rim_c1        6.1620 0.0494 124.7773 0.0000 0.0081
rim_c2        5.0427 0.0453 111.2773 0.0000 0.0272
rim_c3        5.8690 0.0439 133.5595 0.0000 0.0156
rim_c4        5.4888 0.0459 119.5509 0.0000 0.0081
rim_c5        4.1207 0.0399 103.3315 0.0000 0.0242
rim_c6        4.9925 0.0473 105.5704 0.0000 0.0117
mt_trait_a    7.4206 0.0399 186.0862 0.0000 0.0000
ar_c1         0.1003 0.0088  11.3374 0.0000 0.2129
ar_c2         0.0603 0.0090   6.6915 0.0000 0.2700
ar_c3         0.1118 0.0099  11.3386 0.0000 0.3906
ar_c4         0.1346 0.0078  17.2062 0.0000 0.2248
ar_c5        -0.0680 0.0077  -8.8532 0.0000 0.2283
ar_c6         0.1340 0.0085  15.7137 0.0000 0.2682
cl_c2_c1     -0.0131 0.0045  -2.9437 0.0032 0.1536
cl_c3_c1      0.0278 0.0075   3.7199 0.0002 0.1766
cl_c4_c1     -0.0156 0.0064  -2.4407 0.0147 0.2784
cl_c5_c1      0.0020 0.0060   0.3335 0.7388 0.3996
cl_c6_c1      0.0100 0.0066   1.5262 0.1270 0.2110
cl_c1_c2      0.0188 0.0159   1.1829 0.2369 0.1650
cl_c3_c2      0.0449 0.0152   2.9562 0.0031 0.3088
cl_c4_c2     -0.0363 0.0124  -2.9244 0.0035 0.3349
cl_c5_c2      0.0059 0.0101   0.5803 0.5617 0.2744
cl_c6_c2      0.0024 0.0117   0.2079 0.8353 0.1391
cl_c1_c3      0.0147 0.0106   1.3849 0.1661 0.3213
cl_c2_c3      0.0085 0.0053   1.6089 0.1076 0.2388
cl_c4_c3     -0.0165 0.0076  -2.1785 0.0294 0.3482
cl_c5_c3      0.0084 0.0057   1.4832 0.1380 0.1578
cl_c6_c3     -0.0573 0.0076  -7.5186 0.0000 0.2574
cl_c1_c4      0.0514 0.0113   4.5341 0.0000 0.2559
cl_c2_c4      0.0278 0.0060   4.6568 0.0000 0.2563
cl_c3_c4     -0.0244 0.0096  -2.5394 0.0111 0.2163
cl_c5_c4      0.0180 0.0067   2.6992 0.0070 0.2412
cl_c6_c4      0.0568 0.0083   6.7992 0.0000 0.2303
cl_c1_c5      0.0106 0.0125   0.8462 0.3974 0.1917
cl_c2_c5      0.0032 0.0066   0.4852 0.6276 0.1990
cl_c3_c5     -0.0133 0.0111  -1.1969 0.2314 0.2289
cl_c4_c5      0.0050 0.0088   0.5699 0.5687 0.2128
cl_c6_c5      0.0434 0.0093   4.6866 0.0000 0.1748
cl_c1_c6      0.0198 0.0111   1.7740 0.0761 0.2508
cl_c2_c6     -0.0115 0.0057  -2.0316 0.0422 0.2032
cl_c3_c6     -0.0505 0.0093  -5.4171 0.0000 0.1892
cl_c4_c6      0.0148 0.0078   1.8956 0.0580 0.2580
cl_c5_c6     -0.0035 0.0067  -0.5196 0.6033 0.2593
v1_c1         2.6055 0.1302  20.0049 0.0000 0.1226
v1_c2         7.7468 0.3775  20.5205 0.0000 0.0776
v1_c3         2.6599 0.1369  19.4316 0.0000 0.1564
v1_c4         4.0183 0.2044  19.6589 0.0000 0.1499
v1_c5         4.9414 0.2444  20.2215 0.0000 0.1144
v1_c6         3.5643 0.1856  19.2007 0.0000 0.1823
cov1_c1c2     2.2320 0.1717  13.0002 0.0000 0.0655
cov1_c1c3     0.7161 0.1003   7.1426 0.0000 0.1793
cov1_c1c4    -0.2587 0.1143  -2.2631 0.0236 0.1149
cov1_c1c5     0.3203 0.1269   2.5252 0.0116 0.1216
cov1_c1c6     0.0401 0.1095   0.3665 0.7140 0.1463
cov1_c2c3     0.9275 0.1737   5.3399 0.0000 0.2122
cov1_c2c4    -0.9071 0.2084  -4.3530 0.0000 0.1931
cov1_c2c5     0.4392 0.2227   1.9726 0.0485 0.1549
cov1_c2c6    -0.0478 0.1871  -0.2557 0.7982 0.1304
cov1_c3c4    -0.5900 0.1259  -4.6869 0.0000 0.2278
cov1_c3c5     0.1403 0.1275   1.1008 0.2710 0.1094
cov1_c3c6    -1.1329 0.1173  -9.6622 0.0000 0.1275
cov1_c4c5     0.2794 0.1631   1.7127 0.0868 0.1825
cov1_c4c6     0.6103 0.1388   4.3980 0.0000 0.1562
cov1_c5c6     0.1027 0.1489   0.6898 0.4903 0.1296
innov_c1      2.2655 0.0204 111.2735 0.0000 0.1476
innov_c2      7.8686 0.0686 114.7236 0.0000 0.0942
innov_c3      2.8678 0.0256 111.9700 0.0000 0.1369
innov_c4      3.5729 0.0318 112.5286 0.0000 0.1282
innov_c5      4.7078 0.0416 113.2722 0.0000 0.1170
innov_c6      3.4761 0.0300 115.7769 0.0000 0.0772
icov_c1c2     1.9768 0.0296  66.8235 0.0000 0.1452
icov_c1c3     0.8199 0.0174  47.0297 0.0000 0.1880
icov_c1c4    -0.3029 0.0186 -16.2858 0.0000 0.1853
icov_c1c5     0.1944 0.0213   9.1392 0.0000 0.1856
icov_c1c6    -0.2176 0.0183 -11.9074 0.0000 0.1834
icov_c2c3     1.1229 0.0316  35.4915 0.0000 0.1808
icov_c2c4    -0.5911 0.0353 -16.7328 0.0000 0.2150
icov_c2c5     0.3034 0.0385   7.8733 0.0000 0.1394
icov_c2c6    -0.1695 0.0334  -5.0813 0.0000 0.1536
icov_c3c4    -0.5312 0.0214 -24.8662 0.0000 0.2058
icov_c3c5     0.1112 0.0249   4.4677 0.0000 0.2493
icov_c3c6    -1.1398 0.0213 -53.5680 0.0000 0.1433
icov_c4c5     0.2471 0.0280   8.8393 0.0000 0.2562
icov_c4c6     0.5824 0.0233  25.0159 0.0000 0.1898
icov_c5c6     0.1398 0.0262   5.3417 0.0000 0.1771
RIvar_c1      2.2636 0.1070  21.1450 0.0000 0.0092
RIvar_c2      1.6628 0.0898  18.5204 0.0000 0.0377
RIvar_c3      1.7312 0.0844  20.5197 0.0000 0.0148
RIvar_c4      1.8880 0.0932  20.2587 0.0000 0.0231
RIvar_c5      1.3715 0.0691  19.8464 0.0000 0.0210
RIvar_c6      2.0056 0.0983  20.4132 0.0000 0.0179
RIcov_c1c2    0.9479 0.0768  12.3368 0.0000 0.0242
RIcov_c1c3    1.2366 0.0785  15.7497 0.0000 0.0064
RIcov_c1c4    0.2482 0.0707   3.5109 0.0004 0.0062
RIcov_c1c5    0.1682 0.0611   2.7512 0.0059 0.0170
RIcov_c1c6    0.1101 0.0724   1.5207 0.1283 0.0083
RIcov_c2c3    0.7260 0.0664  10.9317 0.0000 0.0242
RIcov_c2c4    0.1247 0.0643   1.9396 0.0524 0.0167
RIcov_c2c5    0.3908 0.0574   6.8089 0.0000 0.0358
RIcov_c2c6    0.1743 0.0667   2.6139 0.0090 0.0297
RIcov_c3c4   -0.2011 0.0630  -3.1936 0.0014 0.0143
RIcov_c3c5    0.1434 0.0542   2.6460 0.0081 0.0173
RIcov_c3c6   -0.5325 0.0675  -7.8928 0.0000 0.0264
RIcov_c4c5    0.6940 0.0610  11.3698 0.0000 0.0168
RIcov_c4c6    1.2235 0.0788  15.5201 0.0000 0.0170
RIcov_c5c6    0.5906 0.0615   9.6016 0.0000 0.0222
v_trait_a     1.5425 0.0700  22.0227 0.0000 0.0000
c_c1_trait_a  0.4949 0.0632   7.8261 0.0000 0.0037
c_c2_trait_a  0.1825 0.0565   3.2293 0.0012 0.0241
c_c3_trait_a  0.3612 0.0558   6.4783 0.0000 0.0135
c_c4_trait_a -0.1216 0.0571  -2.1276 0.0334 0.0074
c_c5_trait_a -0.1313 0.0495  -2.6531 0.0080 0.0147
c_c6_trait_a -0.2458 0.0591  -4.1568 0.0000 0.0068

RI-Trait correlations (standardized):
                 est     se      p
c_c1_trait_a  0.2648 0.0305 0.0000
c_c2_trait_a  0.1139 0.0347 0.0010
c_c3_trait_a  0.2210 0.0318 0.0000
c_c4_trait_a -0.0712 0.0332 0.0321
c_c5_trait_a -0.0902 0.0336 0.0073
c_c6_trait_a -0.1397 0.0327 0.0000

Mean fit indices:
      chisq          df      pvalue         cfi         tli       rmsea 
106712.3488  18801.0000      0.0000      0.4804      0.4879      0.0694 
       srmr 
     0.0387 


============================================================
STATE: STATE_C 
============================================================

--- Model 0 : state_c ---
Converged: 20 / 20 

Pooled parameters (Rubin's Rules):
                est     se        z p    fmi
rim_c1       6.0129 0.0361 166.3961 0 0.0099
mt_trait_c   6.4028 0.0463 138.2029 0 0.0000
ar_c1        0.1084 0.0080  13.5340 0 0.2938
v1_c1        2.3723 0.1194  19.8685 0 0.1357
innov_c1     2.0281 0.0188 107.9039 0 0.1985
RIvar_c1     1.1788 0.0573  20.5720 0 0.0120
v_trait_c    2.0820 0.0945  22.0227 0 0.0000
c_c1_trait_c 0.6863 0.0565  12.1437 0 0.0051

RI-Trait correlations (standardized):
                est     se p
c_c1_trait_c 0.4381 0.0271 0

Mean fit indices:
     chisq         df     pvalue        cfi        tli      rmsea       srmr 
15417.0841   586.0000     0.0000     0.4400     0.4954     0.1615     0.0464 


--- Model 1 : state_c + sociability ---
Converged: 20 / 20 

Pooled parameters (Rubin's Rules):
                 est     se        z      p    fmi
rim_c1        6.0104 0.0361 166.3622 0.0000 0.0098
rim_c2        5.0492 0.0452 111.6439 0.0000 0.0265
mt_trait_c    6.4027 0.0463 138.2028 0.0000 0.0000
ar_c1         0.1202 0.0082  14.6016 0.0000 0.2831
ar_c2         0.0663 0.0083   8.0121 0.0000 0.2841
cl_c2_c1     -0.0216 0.0039  -5.5040 0.0000 0.2005
cl_c1_c2      0.0535 0.0147   3.6490 0.0003 0.1407
v1_c1         2.3709 0.1193  19.8688 0.0000 0.1357
v1_c2         7.7637 0.3780  20.5367 0.0000 0.0755
cov1_c1c2     1.3264 0.1565   8.4727 0.0000 0.0993
innov_c1      2.0256 0.0189 107.3688 0.0000 0.2064
innov_c2      7.8748 0.0686 114.8355 0.0000 0.0924
icov_c1c2     1.0540 0.0255  41.3839 0.0000 0.0948
RIvar_c1      1.1784 0.0573  20.5703 0.0000 0.0122
RIvar_c2      1.6566 0.0895  18.5119 0.0000 0.0377
RIcov_c1c2    0.5707 0.0542  10.5305 0.0000 0.0199
v_trait_c     2.0820 0.0945  22.0227 0.0000 0.0000
c_c1_trait_c  0.6870 0.0565  12.1568 0.0000 0.0051
c_c2_trait_c  0.1136 0.0651   1.7442 0.0811 0.0187

RI-Trait correlations (standardized):
                est     se      p
c_c1_trait_c 0.4386 0.0271 0.0000
c_c2_trait_c 0.0611 0.0349 0.0796

Mean fit indices:
     chisq         df     pvalue        cfi        tli      rmsea       srmr 
31899.9178  2191.0000     0.0000     0.3770     0.4086     0.1182     0.0440 


--- Model 2 : state_c + sociability + duty ---
Converged: 20 / 20 

Pooled parameters (Rubin's Rules):
                 est     se        z      p    fmi
rim_c1        6.0091 0.0361 166.3740 0.0000 0.0101
rim_c2        5.0522 0.0452 111.6571 0.0000 0.0274
rim_c3        5.4647 0.0480 113.7706 0.0000 0.0209
mt_trait_c    6.4027 0.0463 138.2026 0.0000 0.0000
ar_c1         0.1153 0.0086  13.3462 0.0000 0.2953
ar_c2         0.0643 0.0083   7.6978 0.0000 0.2901
ar_c3         0.1678 0.0079  21.3521 0.0000 0.2105
cl_c2_c1     -0.0210 0.0039  -5.3357 0.0000 0.1964
cl_c3_c1      0.0096 0.0044   2.2103 0.0271 0.2179
cl_c1_c2      0.0703 0.0157   4.4685 0.0000 0.1896
cl_c3_c2     -0.0328 0.0090  -3.6457 0.0003 0.2885
cl_c1_c3     -0.0782 0.0140  -5.5994 0.0000 0.1512
cl_c2_c3     -0.0294 0.0067  -4.3717 0.0000 0.1135
v1_c1         2.3703 0.1193  19.8746 0.0000 0.1353
v1_c2         7.7519 0.3778  20.5212 0.0000 0.0777
v1_c3         7.1023 0.3480  20.4098 0.0000 0.0837
cov1_c1c2     1.3291 0.1564   8.5007 0.0000 0.0986
cov1_c1c3     1.2452 0.1464   8.5056 0.0000 0.0603
cov1_c2c3     0.7289 0.2687   2.7128 0.0067 0.1555
innov_c1      2.0251 0.0189 107.3005 0.0000 0.2074
innov_c2      7.8709 0.0687 114.6173 0.0000 0.0959
innov_c3      6.5084 0.0597 108.9352 0.0000 0.1831
icov_c1c2     1.0555 0.0255  41.3929 0.0000 0.0974
icov_c1c3     0.9485 0.0264  35.9139 0.0000 0.3051
icov_c2c3    -0.1590 0.0441  -3.6056 0.0003 0.0929
RIvar_c1      1.1775 0.0572  20.5693 0.0000 0.0123
RIvar_c2      1.6562 0.0895  18.4952 0.0000 0.0389
RIvar_c3      1.9300 0.1022  18.8767 0.0000 0.0518
RIcov_c1c2    0.5705 0.0542  10.5268 0.0000 0.0208
RIcov_c1c3    0.1958 0.0544   3.6020 0.0003 0.0235
RIcov_c2c3    0.5501 0.0688   7.9954 0.0000 0.0152
v_trait_c     2.0820 0.0945  22.0227 0.0000 0.0000
c_c1_trait_c  0.6861 0.0565  12.1468 0.0000 0.0052
c_c2_trait_c  0.1130 0.0651   1.7360 0.0826 0.0187
c_c3_trait_c -0.0078 0.0691  -0.1123 0.9106 0.0143

RI-Trait correlations (standardized):
                 est     se      p
c_c1_trait_c  0.4382 0.0271 0.0000
c_c2_trait_c  0.0609 0.0349 0.0810
c_c3_trait_c -0.0039 0.0345 0.9106

Mean fit indices:
     chisq         df     pvalue        cfi        tli      rmsea       srmr 
50004.1786  4815.0000     0.0000     0.3708     0.3915     0.0984     0.0437 


--- Model 3 : state_c + sociability + duty + tiredness ---
Converged: 20 / 20 

Pooled parameters (Rubin's Rules):
                 est     se        z      p    fmi
rim_c1        6.0063 0.0361 166.4592 0.0000 0.0093
rim_c2        5.0479 0.0453 111.4471 0.0000 0.0270
rim_c3        5.4626 0.0480 113.7447 0.0000 0.0210
rim_c4        5.4929 0.0459 119.5580 0.0000 0.0087
mt_trait_c    6.4027 0.0463 138.2026 0.0000 0.0000
ar_c1         0.1082 0.0086  12.5281 0.0000 0.2572
ar_c2         0.0633 0.0083   7.5923 0.0000 0.2872
ar_c3         0.1685 0.0078  21.6515 0.0000 0.1924
ar_c4         0.1559 0.0079  19.7050 0.0000 0.2309
cl_c2_c1     -0.0217 0.0040  -5.4775 0.0000 0.2010
cl_c3_c1      0.0107 0.0044   2.4599 0.0139 0.2136
cl_c4_c1     -0.0211 0.0063  -3.3728 0.0007 0.3185
cl_c1_c2      0.0596 0.0163   3.6583 0.0003 0.2039
cl_c3_c2     -0.0311 0.0091  -3.4324 0.0006 0.2966
cl_c4_c2     -0.0320 0.0125  -2.5576 0.0105 0.3390
cl_c1_c3     -0.0818 0.0146  -5.5832 0.0000 0.1844
cl_c2_c3     -0.0299 0.0067  -4.4464 0.0000 0.1099
cl_c4_c3     -0.0109 0.0107  -1.0230 0.3063 0.2510
cl_c1_c4      0.0528 0.0107   4.9238 0.0000 0.1618
cl_c2_c4      0.0313 0.0056   5.6004 0.0000 0.2904
cl_c3_c4      0.0122 0.0060   2.0351 0.0418 0.2608
v1_c1         2.3708 0.1193  19.8765 0.0000 0.1354
v1_c2         7.7482 0.3775  20.5262 0.0000 0.0773
v1_c3         7.1050 0.3480  20.4179 0.0000 0.0835
v1_c4         4.0046 0.2039  19.6394 0.0000 0.1505
cov1_c1c2     1.3284 0.1562   8.5020 0.0000 0.0978
cov1_c1c3     1.2458 0.1465   8.5022 0.0000 0.0616
cov1_c1c4    -0.7383 0.1126  -6.5583 0.0000 0.1308
cov1_c2c3     0.7257 0.2687   2.7009 0.0069 0.1560
cov1_c2c4    -0.8973 0.2083  -4.3072 0.0000 0.1952
cov1_c3c4    -0.1501 0.1963  -0.7646 0.4445 0.1873
innov_c1      2.0239 0.0189 106.9961 0.0000 0.2119
innov_c2      7.8672 0.0686 114.6228 0.0000 0.0958
innov_c3      6.5081 0.0597 108.9590 0.0000 0.1828
innov_c4      3.5830 0.0318 112.6776 0.0000 0.1259
icov_c1c2     1.0535 0.0255  41.2829 0.0000 0.0998
icov_c1c3     0.9479 0.0264  35.9365 0.0000 0.3039
icov_c1c4    -0.6615 0.0181 -36.6399 0.0000 0.1881
icov_c2c3    -0.1599 0.0441  -3.6233 0.0003 0.0944
icov_c2c4    -0.5945 0.0354 -16.8070 0.0000 0.2150
icov_c3c4    -0.0403 0.0333  -1.2092 0.2266 0.2758
RIvar_c1      1.1761 0.0572  20.5676 0.0000 0.0127
RIvar_c2      1.6614 0.0897  18.5188 0.0000 0.0379
RIvar_c3      1.9291 0.1022  18.8704 0.0000 0.0523
RIvar_c4      1.8897 0.0933  20.2543 0.0000 0.0237
RIcov_c1c2    0.5707 0.0542  10.5244 0.0000 0.0208
RIcov_c1c3    0.1951 0.0543   3.5917 0.0003 0.0233
RIcov_c1c4   -0.2534 0.0523  -4.8438 0.0000 0.0141
RIcov_c2c3    0.5506 0.0688   7.9993 0.0000 0.0143
RIcov_c2c4    0.1257 0.0643   1.9552 0.0506 0.0164
RIcov_c3c4    0.5716 0.0707   8.0882 0.0000 0.0134
v_trait_c     2.0820 0.0945  22.0227 0.0000 0.0000
c_c1_trait_c  0.6845 0.0564  12.1291 0.0000 0.0052
c_c2_trait_c  0.1098 0.0652   1.6844 0.0921 0.0193
c_c3_trait_c -0.0090 0.0691  -0.1309 0.8958 0.0141
c_c4_trait_c -0.3390 0.0671  -5.0516 0.0000 0.0063

RI-Trait correlations (standardized):
                 est     se      p
c_c1_trait_c  0.4374 0.0271 0.0000
c_c2_trait_c  0.0590 0.0349 0.0906
c_c3_trait_c -0.0045 0.0345 0.8959
c_c4_trait_c -0.1709 0.0324 0.0000

Mean fit indices:
     chisq         df     pvalue        cfi        tli      rmsea       srmr 
68834.1962  8458.0000     0.0000     0.3960     0.4104     0.0858     0.0421 


--- Model 4 : state_c + sociability + duty + tiredness + happiness ---
Converged: 20 / 20 

Pooled parameters (Rubin's Rules):
                 est     se        z      p    fmi
rim_c1        6.0061 0.0361 166.4860 0.0000 0.0091
rim_c2        5.0478 0.0453 111.4403 0.0000 0.0274
rim_c3        5.4627 0.0480 113.7622 0.0000 0.0212
rim_c4        5.4923 0.0459 119.5285 0.0000 0.0085
rim_c5        5.8720 0.0440 133.5682 0.0000 0.0155
mt_trait_c    6.4027 0.0463 138.2028 0.0000 0.0000
ar_c1         0.1069 0.0088  12.1750 0.0000 0.2704
ar_c2         0.0593 0.0086   6.9158 0.0000 0.3011
ar_c3         0.1638 0.0080  20.3791 0.0000 0.2038
ar_c4         0.1520 0.0080  19.0528 0.0000 0.2324
ar_c5         0.1251 0.0091  13.6754 0.0000 0.3800
cl_c2_c1     -0.0229 0.0041  -5.6071 0.0000 0.2232
cl_c3_c1      0.0123 0.0046   2.6930 0.0071 0.2486
cl_c4_c1     -0.0199 0.0064  -3.1089 0.0019 0.3376
cl_c5_c1      0.0109 0.0073   1.4919 0.1357 0.3321
cl_c1_c2      0.0546 0.0165   3.3066 0.0009 0.2140
cl_c3_c2     -0.0256 0.0092  -2.7861 0.0053 0.2778
cl_c4_c2     -0.0279 0.0125  -2.2287 0.0258 0.3287
cl_c5_c2      0.0376 0.0144   2.6094 0.0091 0.3304
cl_c1_c3     -0.0766 0.0148  -5.1932 0.0000 0.1857
cl_c2_c3     -0.0264 0.0069  -3.8285 0.0001 0.1247
cl_c4_c3     -0.0141 0.0109  -1.3013 0.1931 0.2645
cl_c5_c3     -0.0320 0.0123  -2.5929 0.0095 0.2421
cl_c1_c4      0.0583 0.0107   5.4340 0.0000 0.1502
cl_c2_c4      0.0353 0.0057   6.2293 0.0000 0.2868
cl_c3_c4      0.0067 0.0061   1.0975 0.2724 0.2465
cl_c5_c4     -0.0371 0.0088  -4.2258 0.0000 0.1784
cl_c1_c5      0.0402 0.0102   3.9221 0.0001 0.2544
cl_c2_c5      0.0059 0.0050   1.1838 0.2365 0.2530
cl_c3_c5     -0.0348 0.0056  -6.2618 0.0000 0.2785
cl_c4_c5     -0.0176 0.0075  -2.3387 0.0193 0.3256
v1_c1         2.3726 0.1192  19.8978 0.0000 0.1343
v1_c2         7.7470 0.3776  20.5150 0.0000 0.0787
v1_c3         7.1027 0.3477  20.4285 0.0000 0.0828
v1_c4         4.0032 0.2039  19.6329 0.0000 0.1510
v1_c5         2.6608 0.1367  19.4596 0.0000 0.1545
cov1_c1c2     1.3290 0.1564   8.4956 0.0000 0.1001
cov1_c1c3     1.2447 0.1465   8.4961 0.0000 0.0617
cov1_c1c4    -0.7369 0.1126  -6.5442 0.0000 0.1315
cov1_c1c5     0.4133 0.0911   4.5377 0.0000 0.1365
cov1_c2c3     0.7231 0.2685   2.6932 0.0071 0.1554
cov1_c2c4    -0.8953 0.2083  -4.2981 0.0000 0.1956
cov1_c2c5     0.9296 0.1738   5.3472 0.0000 0.2138
cov1_c3c4    -0.1505 0.1963  -0.7668 0.4432 0.1873
cov1_c3c5    -0.7270 0.1539  -4.7256 0.0000 0.0905
cov1_c4c5    -0.5814 0.1259  -4.6194 0.0000 0.2305
innov_c1      2.0236 0.0189 106.8523 0.0000 0.2140
innov_c2      7.8646 0.0687 114.4868 0.0000 0.0980
innov_c3      6.5065 0.0598 108.8663 0.0000 0.1842
innov_c4      3.5804 0.0319 112.3365 0.0000 0.1312
innov_c5      2.8697 0.0256 112.1227 0.0000 0.1345
icov_c1c2     1.0527 0.0255  41.2584 0.0000 0.1000
icov_c1c3     0.9485 0.0263  35.9988 0.0000 0.3027
icov_c1c4    -0.6608 0.0181 -36.5155 0.0000 0.1926
icov_c1c5     0.3434 0.0157  21.8281 0.0000 0.1761
icov_c2c3    -0.1578 0.0441  -3.5776 0.0003 0.0945
icov_c2c4    -0.5921 0.0353 -16.7615 0.0000 0.2136
icov_c2c5     1.1181 0.0317  35.2913 0.0000 0.1833
icov_c3c4    -0.0424 0.0332  -1.2777 0.2014 0.2727
icov_c3c5    -0.8206 0.0312 -26.3417 0.0000 0.3138
icov_c4c5    -0.5383 0.0212 -25.3998 0.0000 0.1905
RIvar_c1      1.1759 0.0572  20.5670 0.0000 0.0126
RIvar_c2      1.6606 0.0897  18.5112 0.0000 0.0383
RIvar_c3      1.9281 0.1022  18.8674 0.0000 0.0524
RIvar_c4      1.8905 0.0933  20.2532 0.0000 0.0238
RIvar_c5      1.7331 0.0844  20.5222 0.0000 0.0148
RIcov_c1c2    0.5704 0.0542  10.5209 0.0000 0.0210
RIcov_c1c3    0.1953 0.0543   3.5966 0.0003 0.0236
RIcov_c1c4   -0.2536 0.0523  -4.8478 0.0000 0.0139
RIcov_c1c5    0.7969 0.0556  14.3304 0.0000 0.0103
RIcov_c2c3    0.5515 0.0688   8.0142 0.0000 0.0143
RIcov_c2c4    0.1256 0.0643   1.9537 0.0507 0.0163
RIcov_c2c5    0.7259 0.0664  10.9305 0.0000 0.0243
RIcov_c3c4    0.5717 0.0707   8.0894 0.0000 0.0135
RIcov_c3c5    0.0927 0.0655   1.4152 0.1570 0.0288
RIcov_c4c5   -0.1994 0.0630  -3.1642 0.0016 0.0140
v_trait_c     2.0820 0.0945  22.0227 0.0000 0.0000
c_c1_trait_c  0.6842 0.0564  12.1240 0.0000 0.0053
c_c2_trait_c  0.1088 0.0652   1.6691 0.0951 0.0193
c_c3_trait_c -0.0081 0.0690  -0.1171 0.9068 0.0143
c_c4_trait_c -0.3389 0.0671  -5.0494 0.0000 0.0062
c_c5_trait_c  0.2809 0.0639   4.3951 0.0000 0.0103

RI-Trait correlations (standardized):
                 est     se      p
c_c1_trait_c  0.4373 0.0271 0.0000
c_c2_trait_c  0.0585 0.0349 0.0936
c_c3_trait_c -0.0040 0.0345 0.9068
c_c4_trait_c -0.1708 0.0324 0.0000
c_c5_trait_c  0.1479 0.0326 0.0000

Mean fit indices:
     chisq         df     pvalue        cfi        tli      rmsea       srmr 
87741.2665 13120.0000     0.0000     0.4293     0.4398     0.0766     0.0405 


--- Model 5 : state_c + sociability + duty + tiredness + happiness + negativity ---
Converged: 20 / 20 

Pooled parameters (Rubin's Rules):
                 est     se        z      p    fmi
rim_c1        6.0061 0.0361 166.4831 0.0000 0.0093
rim_c2        5.0484 0.0453 111.4119 0.0000 0.0279
rim_c3        5.4629 0.0480 113.7773 0.0000 0.0209
rim_c4        5.4918 0.0459 119.5499 0.0000 0.0087
rim_c5        5.8720 0.0440 133.5688 0.0000 0.0156
rim_c6        3.4027 0.0438  77.7039 0.0000 0.0095
mt_trait_c    6.4028 0.0463 138.2031 0.0000 0.0000
ar_c1         0.1072 0.0088  12.2193 0.0000 0.2694
ar_c2         0.0578 0.0088   6.5738 0.0000 0.3181
ar_c3         0.1656 0.0083  19.9788 0.0000 0.1976
ar_c4         0.1496 0.0079  18.8403 0.0000 0.2237
ar_c5         0.1228 0.0095  12.8917 0.0000 0.3932
ar_c6         0.0746 0.0091   8.1688 0.0000 0.3402
cl_c2_c1     -0.0220 0.0041  -5.3234 0.0000 0.2169
cl_c3_c1      0.0140 0.0048   2.9481 0.0032 0.2552
cl_c4_c1     -0.0194 0.0064  -3.0180 0.0025 0.3404
cl_c5_c1      0.0087 0.0073   1.1858 0.2357 0.2846
cl_c6_c1     -0.0082 0.0064  -1.2722 0.2033 0.3077
cl_c1_c2      0.0541 0.0165   3.2804 0.0010 0.2101
cl_c3_c2     -0.0279 0.0095  -2.9319 0.0034 0.2803
cl_c4_c2     -0.0284 0.0125  -2.2705 0.0232 0.3245
cl_c5_c2      0.0412 0.0148   2.7897 0.0053 0.3221
cl_c6_c2      0.0126 0.0120   1.0464 0.2954 0.2319
cl_c1_c3     -0.0761 0.0148  -5.1531 0.0000 0.1860
cl_c2_c3     -0.0255 0.0071  -3.6122 0.0003 0.1394
cl_c4_c3     -0.0138 0.0109  -1.2683 0.2047 0.2607
cl_c5_c3     -0.0344 0.0129  -2.6676 0.0076 0.2650
cl_c6_c3     -0.0084 0.0105  -0.7947 0.4268 0.1711
cl_c1_c4      0.0564 0.0107   5.2472 0.0000 0.1544
cl_c2_c4      0.0306 0.0058   5.2821 0.0000 0.2979
cl_c3_c4     -0.0017 0.0063  -0.2735 0.7845 0.2397
cl_c5_c4     -0.0256 0.0092  -2.7671 0.0057 0.2127
cl_c6_c4      0.0415 0.0081   5.1388 0.0000 0.2246
cl_c1_c5      0.0406 0.0102   3.9668 0.0001 0.2514
cl_c2_c5      0.0068 0.0051   1.3376 0.1810 0.2638
cl_c3_c5     -0.0331 0.0057  -5.8122 0.0000 0.2632
cl_c4_c5     -0.0171 0.0075  -2.2778 0.0227 0.3198
cl_c6_c5     -0.0081 0.0076  -1.0713 0.2840 0.2885
cl_c1_c6     -0.0182 0.0124  -1.4737 0.1406 0.3167
cl_c2_c6     -0.0028 0.0057  -0.4866 0.6265 0.2215
cl_c3_c6      0.0303 0.0067   4.5628 0.0000 0.2818
cl_c4_c6      0.0078 0.0086   0.9045 0.3657 0.3090
cl_c5_c6     -0.0065 0.0100  -0.6463 0.5181 0.2782
v1_c1         2.3725 0.1192  19.8986 0.0000 0.1342
v1_c2         7.7429 0.3774  20.5174 0.0000 0.0785
v1_c3         7.1013 0.3476  20.4291 0.0000 0.0829
v1_c4         4.0045 0.2041  19.6242 0.0000 0.1519
v1_c5         2.6604 0.1368  19.4547 0.0000 0.1549
v1_c6         3.6172 0.1809  19.9925 0.0000 0.1158
cov1_c1c2     1.3284 0.1564   8.4925 0.0000 0.1005
cov1_c1c3     1.2443 0.1465   8.4927 0.0000 0.0622
cov1_c1c4    -0.7368 0.1126  -6.5421 0.0000 0.1317
cov1_c1c5     0.4131 0.0911   4.5347 0.0000 0.1366
cov1_c1c6     0.4349 0.1034   4.2066 0.0000 0.0984
cov1_c2c3     0.7182 0.2683   2.6771 0.0074 0.1550
cov1_c2c4    -0.8969 0.2083  -4.3065 0.0000 0.1954
cov1_c2c5     0.9290 0.1738   5.3435 0.0000 0.2143
cov1_c2c6     1.1293 0.1936   5.8348 0.0000 0.1413
cov1_c3c4    -0.1499 0.1963  -0.7635 0.4452 0.1876
cov1_c3c5    -0.7270 0.1538  -4.7273 0.0000 0.0900
cov1_c3c6     1.9787 0.1884  10.5037 0.0000 0.0814
cov1_c4c5    -0.5806 0.1258  -4.6140 0.0000 0.2300
cov1_c4c6    -0.0530 0.1379  -0.3842 0.7008 0.1596
cov1_c5c6    -0.6810 0.1129  -6.0346 0.0000 0.1192
innov_c1      2.0234 0.0190 106.7615 0.0000 0.2153
innov_c2      7.8643 0.0687 114.5350 0.0000 0.0972
innov_c3      6.5064 0.0598 108.8148 0.0000 0.1850
innov_c4      3.5763 0.0318 112.6350 0.0000 0.1266
innov_c5      2.8695 0.0256 112.1799 0.0000 0.1336
innov_c6      3.8179 0.0346 110.3665 0.0000 0.1615
icov_c1c2     1.0530 0.0255  41.2759 0.0000 0.0998
icov_c1c3     0.9484 0.0264  35.9622 0.0000 0.3040
icov_c1c4    -0.6600 0.0181 -36.4388 0.0000 0.1951
icov_c1c5     0.3433 0.0157  21.8307 0.0000 0.1754
icov_c1c6     0.2819 0.0183  15.4022 0.0000 0.1983
icov_c2c3    -0.1575 0.0441  -3.5694 0.0004 0.0950
icov_c2c4    -0.5934 0.0354 -16.7793 0.0000 0.2162
icov_c2c5     1.1184 0.0317  35.2892 0.0000 0.1839
icov_c2c6     0.5696 0.0367  15.5047 0.0000 0.2262
icov_c3c4    -0.0417 0.0332  -1.2578 0.2085 0.2717
icov_c3c5    -0.8207 0.0311 -26.3538 0.0000 0.3135
icov_c3c6     1.5563 0.0330  47.1047 0.0000 0.1404
icov_c4c5    -0.5375 0.0212 -25.3207 0.0000 0.1941
icov_c4c6     0.2502 0.0235  10.6556 0.0000 0.1434
icov_c5c6    -0.8586 0.0231 -37.1426 0.0000 0.2469
RIvar_c1      1.1757 0.0572  20.5673 0.0000 0.0126
RIvar_c2      1.6612 0.0897  18.5116 0.0000 0.0383
RIvar_c3      1.9282 0.1022  18.8656 0.0000 0.0525
RIvar_c4      1.8891 0.0933  20.2511 0.0000 0.0239
RIvar_c5      1.7330 0.0844  20.5225 0.0000 0.0148
RIvar_c6      1.7063 0.0852  20.0275 0.0000 0.0352
RIcov_c1c2    0.5702 0.0542  10.5182 0.0000 0.0208
RIcov_c1c3    0.1951 0.0543   3.5926 0.0003 0.0235
RIcov_c1c4   -0.2531 0.0523  -4.8393 0.0000 0.0141
RIcov_c1c5    0.7967 0.0556  14.3279 0.0000 0.0104
RIcov_c1c6   -0.1058 0.0492  -2.1477 0.0317 0.0160
RIcov_c2c3    0.5520 0.0688   8.0192 0.0000 0.0144
RIcov_c2c4    0.1264 0.0643   1.9662 0.0493 0.0162
RIcov_c2c5    0.7258 0.0664  10.9283 0.0000 0.0241
RIcov_c2c6    0.3832 0.0629   6.0926 0.0000 0.0274
RIcov_c3c4    0.5722 0.0707   8.0977 0.0000 0.0138
RIcov_c3c5    0.0927 0.0655   1.4144 0.1572 0.0287
RIcov_c3c6    0.8948 0.0738  12.1225 0.0000 0.0620
RIcov_c4c5   -0.1988 0.0630  -3.1545 0.0016 0.0142
RIcov_c4c6    0.7966 0.0678  11.7528 0.0000 0.0124
RIcov_c5c6   -0.2582 0.0606  -4.2596 0.0000 0.0210
v_trait_c     2.0819 0.0945  22.0227 0.0000 0.0000
c_c1_trait_c  0.6842 0.0564  12.1257 0.0000 0.0053
c_c2_trait_c  0.1088 0.0652   1.6689 0.0951 0.0193
c_c3_trait_c -0.0080 0.0690  -0.1153 0.9082 0.0143
c_c4_trait_c -0.3393 0.0671  -5.0579 0.0000 0.0061
c_c5_trait_c  0.2809 0.0639   4.3954 0.0000 0.0102
c_c6_trait_c -0.2848 0.0641  -4.4458 0.0000 0.0160

RI-Trait correlations (standardized):
                 est     se      p
c_c1_trait_c  0.4373 0.0271 0.0000
c_c2_trait_c  0.0585 0.0349 0.0936
c_c3_trait_c -0.0040 0.0345 0.9082
c_c4_trait_c -0.1711 0.0324 0.0000
c_c5_trait_c  0.1479 0.0326 0.0000
c_c6_trait_c -0.1511 0.0329 0.0000

Mean fit indices:
      chisq          df      pvalue         cfi         tli       rmsea 
107755.8243  18801.0000      0.0000      0.4446      0.4527      0.0698 
       srmr 
     0.0399 


