=== RI-CLPM MULTIVARIATE (cumulative models) ===

Equality Constraints: AR, Cross-Lagged, Innovation Variances/Covariances
Estimator: ML
n = 204 , m = 20 

============================================================
STATE: STATE_E 
============================================================

--- Model 0 : state_e ---
Converged: 20 / 20 

Pooled parameters (Rubin's Rules):
                est     se       z p    fmi
rim_c1       4.5214 0.0609 74.2824 0 0.0437
mt_trait_e   3.5551 0.0435 81.7565 0 0.0000
ar_c1        0.1296 0.0182  7.1245 0 0.4156
v1_c1        1.5352 0.1933  7.9434 0 0.3340
innov_c1     1.4610 0.0366 39.8743 0 0.4792
RIvar_c1     0.6652 0.0741  8.9781 0 0.0660
v_trait_e    0.3857 0.0382 10.0995 0 0.0000
c_c1_trait_e 0.1933 0.0401  4.8263 0 0.0341

RI-Trait correlations (standardized):
                est     se p
c_c1_trait_e 0.3818 0.0646 0

Mean fit indices:
    chisq        df    pvalue       cfi       tli     rmsea      srmr 
4078.8176  586.0000    0.0000    0.3615    0.4247    0.1709    0.0912 


--- Model 1 : state_e + happiness ---
Converged: 20 / 20 

Pooled parameters (Rubin's Rules):
                est     se       z      p    fmi
rim_c1       4.5210 0.0609 74.2353 0.0000 0.0445
rim_c2       5.2601 0.0752 69.9136 0.0000 0.0301
mt_trait_e   3.5551 0.0435 81.7566 0.0000 0.0000
ar_c1        0.1086 0.0196  5.5380 0.0000 0.4389
ar_c2        0.1483 0.0228  6.5022 0.0000 0.5872
cl_c2_c1     0.0537 0.0156  3.4345 0.0006 0.3860
cl_c1_c2     0.0115 0.0257  0.4490 0.6534 0.5576
v1_c1        1.5362 0.1932  7.9517 0.0000 0.3328
v1_c2        2.3672 0.3042  7.7811 0.0000 0.3629
cov1_c1c2    0.7142 0.1849  3.8635 0.0001 0.3610
innov_c1     1.4563 0.0361 40.3130 0.0000 0.4677
innov_c2     2.0241 0.0488 41.5075 0.0000 0.4357
icov_c1c2    0.5562 0.0318 17.4700 0.0000 0.4737
RIvar_c1     0.6654 0.0740  8.9857 0.0000 0.0644
RIvar_c2     1.0366 0.1126  9.2026 0.0000 0.0300
RIcov_c1c2   0.4824 0.0743  6.4889 0.0000 0.0510
v_trait_e    0.3857 0.0382 10.0995 0.0000 0.0000
c_c1_trait_e 0.1926 0.0400  4.8106 0.0000 0.0337
c_c2_trait_e 0.2010 0.0486  4.1349 0.0000 0.0196

RI-Trait correlations (standardized):
                est     se p
c_c1_trait_e 0.3803 0.0646 0
c_c2_trait_e 0.3178 0.0666 0

Mean fit indices:
    chisq        df    pvalue       cfi       tli     rmsea      srmr 
9409.9873 2191.0000    0.0000    0.4103    0.4401    0.1271    0.0882 


--- Model 2 : state_e + happiness + sociability ---
Converged: 20 / 20 

Pooled parameters (Rubin's Rules):
                 est     se       z      p    fmi
rim_c1        4.5204 0.0609 74.2517 0.0000 0.0437
rim_c2        5.2591 0.0752 69.9659 0.0000 0.0307
rim_c3        4.1339 0.0659 62.7699 0.0000 0.0471
mt_trait_e    3.5551 0.0435 81.7566 0.0000 0.0000
ar_c1         0.1017 0.0204  4.9936 0.0000 0.4498
ar_c2         0.1457 0.0229  6.3669 0.0000 0.5904
ar_c3         0.1287 0.0192  6.7213 0.0000 0.4358
cl_c2_c1      0.0525 0.0156  3.3643 0.0008 0.3832
cl_c3_c1      0.0163 0.0119  1.3680 0.1713 0.5174
cl_c1_c2     -0.0033 0.0271 -0.1237 0.9016 0.5793
cl_c3_c2      0.0351 0.0125  2.8090 0.0050 0.3929
cl_c1_c3      0.0105 0.0313  0.3371 0.7360 0.3311
cl_c2_c3      0.0272 0.0274  0.9947 0.3199 0.4098
v1_c1         1.5300 0.1933  7.9154 0.0000 0.3390
v1_c2         2.3560 0.3032  7.7713 0.0000 0.3645
v1_c3         4.6971 0.5050  9.3004 0.0000 0.0999
cov1_c1c2     0.7045 0.1843  3.8229 0.0001 0.3641
cov1_c1c3     0.6353 0.2308  2.7523 0.0059 0.2543
cov1_c2c3     0.6851 0.2821  2.4290 0.0151 0.2432
innov_c1      1.4554 0.0362 40.2563 0.0000 0.4692
innov_c2      2.0201 0.0485 41.6539 0.0000 0.4317
innov_c3      4.2910 0.0903 47.5391 0.0000 0.2601
icov_c1c2     0.5544 0.0316 17.5420 0.0000 0.4676
icov_c1c3     0.6582 0.0500 13.1503 0.0000 0.5635
icov_c2c3     0.3423 0.0492  6.9584 0.0000 0.4055
RIvar_c1      0.6655 0.0741  8.9857 0.0000 0.0644
RIvar_c2      1.0339 0.1124  9.2005 0.0000 0.0302
RIvar_c3      0.6728 0.0893  7.5336 0.0000 0.1214
RIcov_c1c2    0.4819 0.0743  6.4877 0.0000 0.0517
RIcov_c1c3    0.1139 0.0582  1.9580 0.0502 0.0851
RIcov_c2c3    0.0998 0.0706  1.4141 0.1573 0.0560
v_trait_e     0.3857 0.0382 10.0995 0.0000 0.0000
c_c1_trait_e  0.1927 0.0400  4.8144 0.0000 0.0331
c_c2_trait_e  0.2007 0.0485  4.1340 0.0000 0.0198
c_c3_trait_e  0.0601 0.0418  1.4393 0.1501 0.0750

RI-Trait correlations (standardized):
                est     se      p
c_c1_trait_e 0.3805 0.0646 0.0000
c_c2_trait_e 0.3178 0.0666 0.0000
c_c3_trait_e 0.1180 0.0806 0.1432

Mean fit indices:
     chisq         df     pvalue        cfi        tli      rmsea       srmr 
16270.6799  4815.0000     0.0000     0.3503     0.3717     0.1080     0.0849 


--- Model 3 : state_e + happiness + sociability + positivity ---
Converged: 20 / 20 

Pooled parameters (Rubin's Rules):
                 est     se       z      p    fmi
rim_c1        4.5201 0.0608 74.3323 0.0000 0.0418
rim_c2        5.2586 0.0751 70.0202 0.0000 0.0309
rim_c3        4.1329 0.0658 62.8028 0.0000 0.0464
rim_c4        4.4651 0.0678 65.9006 0.0000 0.0856
mt_trait_e    3.5551 0.0435 81.7565 0.0000 0.0000
ar_c1         0.1015 0.0204  4.9733 0.0000 0.4517
ar_c2         0.1363 0.0234  5.8146 0.0000 0.5698
ar_c3         0.1209 0.0191  6.3330 0.0000 0.4023
ar_c4         0.1147 0.0204  5.6155 0.0000 0.4548
cl_c2_c1      0.0483 0.0162  2.9750 0.0029 0.3694
cl_c3_c1      0.0143 0.0122  1.1680 0.2428 0.5170
cl_c4_c1      0.0113 0.0121  0.9326 0.3510 0.3234
cl_c1_c2     -0.0037 0.0272 -0.1371 0.8909 0.5828
cl_c3_c2      0.0305 0.0127  2.4038 0.0162 0.3805
cl_c4_c2      0.0249 0.0151  1.6437 0.1002 0.4011
cl_c1_c3      0.0097 0.0312  0.3119 0.7551 0.3283
cl_c2_c3      0.0123 0.0293  0.4190 0.6752 0.4311
cl_c4_c3      0.0403 0.0224  1.7983 0.0721 0.4207
cl_c1_c4      0.0012 0.0351  0.0352 0.9719 0.5963
cl_c2_c4      0.0426 0.0278  1.5320 0.1255 0.5196
cl_c3_c4      0.0708 0.0151  4.6779 0.0000 0.2968
v1_c1         1.5303 0.1933  7.9182 0.0000 0.3386
v1_c2         2.3559 0.3036  7.7601 0.0000 0.3663
v1_c3         4.6933 0.5053  9.2882 0.0000 0.1034
v1_c4         3.4645 0.4125  8.3989 0.0000 0.2599
cov1_c1c2     0.7048 0.1843  3.8245 0.0001 0.3639
cov1_c1c3     0.6388 0.2315  2.7598 0.0058 0.2588
cov1_c1c4     0.3769 0.1957  1.9261 0.0541 0.2522
cov1_c2c3     0.6847 0.2820  2.4283 0.0152 0.2439
cov1_c2c4     0.8766 0.2820  3.1086 0.0019 0.4083
cov1_c3c4     1.7796 0.3774  4.7159 0.0000 0.2881
innov_c1      1.4549 0.0362 40.2149 0.0000 0.4703
innov_c2      2.0186 0.0487 41.4203 0.0000 0.4380
innov_c3      4.2873 0.0902 47.5063 0.0000 0.2612
innov_c4      3.2591 0.0743 43.8575 0.0000 0.3702
icov_c1c2     0.5537 0.0315 17.5653 0.0000 0.4654
icov_c1c3     0.6570 0.0499 13.1627 0.0000 0.5617
icov_c1c4     0.3132 0.0393  7.9763 0.0000 0.4862
icov_c2c3     0.3402 0.0492  6.9205 0.0000 0.4057
icov_c2c4     0.8540 0.0493 17.3057 0.0000 0.5086
icov_c3c4     0.9186 0.0598 15.3551 0.0000 0.3223
RIvar_c1      0.6653 0.0740  8.9843 0.0000 0.0646
RIvar_c2      1.0316 0.1121  9.2054 0.0000 0.0286
RIvar_c3      0.6717 0.0892  7.5326 0.0000 0.1203
RIvar_c4      0.7225 0.0884  8.1743 0.0000 0.0766
RIcov_c1c2    0.4811 0.0742  6.4839 0.0000 0.0519
RIcov_c1c3    0.1133 0.0582  1.9481 0.0514 0.0856
RIcov_c1c4    0.1911 0.0585  3.2659 0.0011 0.0493
RIcov_c2c3    0.0974 0.0704  1.3828 0.1667 0.0557
RIcov_c2c4    0.4690 0.0790  5.9405 0.0000 0.0424
RIcov_c3c4    0.3960 0.0711  5.5715 0.0000 0.1007
v_trait_e     0.3857 0.0382 10.0995 0.0000 0.0000
c_c1_trait_e  0.1926 0.0400  4.8119 0.0000 0.0328
c_c2_trait_e  0.2005 0.0485  4.1343 0.0000 0.0200
c_c3_trait_e  0.0594 0.0418  1.4224 0.1549 0.0767
c_c4_trait_e  0.0861 0.0419  2.0552 0.0399 0.0574

RI-Trait correlations (standardized):
                est     se      p
c_c1_trait_e 0.3802 0.0646 0.0000
c_c2_trait_e 0.3179 0.0666 0.0000
c_c3_trait_e 0.1168 0.0807 0.1481
c_c4_trait_e 0.1632 0.0768 0.0335

Mean fit indices:
     chisq         df     pvalue        cfi        tli      rmsea       srmr 
24904.8802  8458.0000     0.0000     0.3381     0.3539     0.0976     0.0834 


--- Model 4 : state_e + happiness + sociability + positivity + negativity ---
Converged: 20 / 20 

Pooled parameters (Rubin's Rules):
                 est     se        z      p    fmi
rim_c1        4.5210 0.0608  74.3626 0.0000 0.0421
rim_c2        5.2593 0.0751  70.0220 0.0000 0.0315
rim_c3        4.1343 0.0658  62.8308 0.0000 0.0454
rim_c4        4.4657 0.0677  65.9259 0.0000 0.0848
rim_c5        2.5705 0.0699  36.7549 0.0000 0.0915
mt_trait_e    3.5551 0.0435  81.7566 0.0000 0.0000
ar_c1         0.1013 0.0205   4.9371 0.0000 0.4581
ar_c2         0.1351 0.0232   5.8294 0.0000 0.5306
ar_c3         0.1193 0.0192   6.2162 0.0000 0.4066
ar_c4         0.1148 0.0214   5.3607 0.0000 0.4663
ar_c5         0.1119 0.0227   4.9286 0.0000 0.5460
cl_c2_c1      0.0530 0.0171   3.0929 0.0020 0.3946
cl_c3_c1      0.0132 0.0123   1.0739 0.2829 0.5251
cl_c4_c1      0.0155 0.0121   1.2851 0.1988 0.2695
cl_c5_c1      0.0167 0.0142   1.1789 0.2384 0.3470
cl_c1_c2     -0.0038 0.0272  -0.1399 0.8888 0.5832
cl_c3_c2      0.0306 0.0127   2.4192 0.0156 0.3744
cl_c4_c2      0.0239 0.0159   1.5084 0.1315 0.4129
cl_c5_c2     -0.0040 0.0176  -0.2249 0.8220 0.4145
cl_c1_c3      0.0100 0.0313   0.3197 0.7492 0.3309
cl_c2_c3      0.0177 0.0300   0.5902 0.5551 0.4174
cl_c4_c3      0.0449 0.0238   1.8888 0.0589 0.4454
cl_c5_c3      0.0190 0.0282   0.6736 0.5006 0.5149
cl_c1_c4      0.0013 0.0351   0.0359 0.9713 0.5968
cl_c2_c4      0.0426 0.0274   1.5561 0.1197 0.4689
cl_c3_c4      0.0709 0.0152   4.6675 0.0000 0.2988
cl_c5_c4      0.0005 0.0236   0.0226 0.9820 0.4736
cl_c1_c5      0.0137 0.0215   0.6384 0.5232 0.1667
cl_c2_c5     -0.0337 0.0222  -1.5184 0.1289 0.3741
cl_c3_c5     -0.0421 0.0134  -3.1537 0.0016 0.2950
cl_c4_c5     -0.0063 0.0179  -0.3494 0.7268 0.4241
v1_c1         1.5309 0.1934   7.9171 0.0000 0.3388
v1_c2         2.3587 0.3036   7.7688 0.0000 0.3649
v1_c3         4.6950 0.5059   9.2808 0.0000 0.1064
v1_c4         3.4608 0.4121   8.3972 0.0000 0.2603
v1_c5         2.9213 0.3580   8.1596 0.0000 0.3047
cov1_c1c2     0.7050 0.1843   3.8253 0.0001 0.3632
cov1_c1c3     0.6417 0.2309   2.7797 0.0054 0.2549
cov1_c1c4     0.3774 0.1955   1.9306 0.0535 0.2513
cov1_c1c5     0.0497 0.1679   0.2957 0.7675 0.1716
cov1_c2c3     0.6780 0.2822   2.4024 0.0163 0.2455
cov1_c2c4     0.8780 0.2823   3.1103 0.0019 0.4092
cov1_c2c5    -0.6456 0.2388  -2.7035 0.0069 0.3284
cov1_c3c4     1.7662 0.3768   4.6877 0.0000 0.2886
cov1_c3c5    -0.4295 0.3122  -1.3757 0.1689 0.2592
cov1_c4c5    -1.0306 0.2868  -3.5938 0.0003 0.2897
innov_c1      1.4542 0.0359  40.4672 0.0000 0.4636
innov_c2      2.0183 0.0487  41.4828 0.0000 0.4363
innov_c3      4.2855 0.0905  47.3322 0.0000 0.2667
innov_c4      3.2587 0.0744  43.7899 0.0000 0.3721
innov_c5      2.5299 0.0638  39.6658 0.0000 0.4847
icov_c1c2     0.5537 0.0315  17.5582 0.0000 0.4662
icov_c1c3     0.6562 0.0496  13.2194 0.0000 0.5573
icov_c1c4     0.3132 0.0394   7.9576 0.0000 0.4888
icov_c1c5    -0.2040 0.0345  -5.9096 0.0000 0.4886
icov_c2c3     0.3404 0.0490   6.9422 0.0000 0.4033
icov_c2c4     0.8539 0.0493  17.3066 0.0000 0.5085
icov_c2c5    -0.7889 0.0399 -19.7903 0.0000 0.4096
icov_c3c4     0.9188 0.0600  15.3050 0.0000 0.3274
icov_c3c5    -0.0978 0.0551  -1.7755 0.0758 0.4147
icov_c4c5    -0.9875 0.0491 -20.0967 0.0000 0.3749
RIvar_c1      0.6648 0.0740   8.9809 0.0000 0.0654
RIvar_c2      1.0312 0.1120   9.2091 0.0000 0.0279
RIvar_c3      0.6727 0.0892   7.5382 0.0000 0.1202
RIvar_c4      0.7228 0.0884   8.1726 0.0000 0.0771
RIvar_c5      0.8069 0.0953   8.4676 0.0000 0.1110
RIcov_c1c2    0.4804 0.0742   6.4787 0.0000 0.0524
RIcov_c1c3    0.1130 0.0582   1.9417 0.0522 0.0868
RIcov_c1c4    0.1903 0.0585   3.2534 0.0011 0.0495
RIcov_c1c5   -0.2655 0.0611  -4.3473 0.0000 0.0392
RIcov_c2c3    0.0976 0.0705   1.3851 0.1660 0.0559
RIcov_c2c4    0.4687 0.0789   5.9372 0.0000 0.0426
RIcov_c2c5   -0.5909 0.0853  -6.9266 0.0000 0.0546
RIcov_c3c4    0.3966 0.0712   5.5724 0.0000 0.1018
RIcov_c3c5    0.1129 0.0640   1.7639 0.0778 0.0715
RIcov_c4c5   -0.2736 0.0682  -4.0115 0.0001 0.0739
v_trait_e     0.3857 0.0382  10.0995 0.0000 0.0000
c_c1_trait_e  0.1921 0.0400   4.8023 0.0000 0.0331
c_c2_trait_e  0.2002 0.0485   4.1288 0.0000 0.0199
c_c3_trait_e  0.0591 0.0418   1.4136 0.1575 0.0769
c_c4_trait_e  0.0860 0.0419   2.0523 0.0401 0.0567
c_c5_trait_e -0.1388 0.0430  -3.2259 0.0013 0.0230

RI-Trait correlations (standardized):
                 est     se      p
c_c1_trait_e  0.3794 0.0646 0.0000
c_c2_trait_e  0.3175 0.0667 0.0000
c_c3_trait_e  0.1160 0.0807 0.1507
c_c4_trait_e  0.1629 0.0767 0.0338
c_c5_trait_e -0.2488 0.0707 0.0004

Mean fit indices:
     chisq         df     pvalue        cfi        tli      rmsea       srmr 
36393.1372 13120.0000     0.0000     0.3246     0.3369     0.0932     0.0822 


--- Model 5 : state_e + happiness + sociability + positivity + negativity + mating ---
Converged: 20 / 20 

Pooled parameters (Rubin's Rules):
                 est     se        z      p    fmi
rim_c1        4.5216 0.0608  74.3236 0.0000 0.0434
rim_c2        5.2605 0.0751  70.0160 0.0000 0.0319
rim_c3        4.1363 0.0658  62.8730 0.0000 0.0438
rim_c4        4.4678 0.0678  65.9090 0.0000 0.0865
rim_c5        2.5700 0.0700  36.7358 0.0000 0.0924
rim_c6        2.5777 0.0828  31.1186 0.0000 0.0685
mt_trait_e    3.5551 0.0435  81.7565 0.0000 0.0000
ar_c1         0.1008 0.0206   4.8983 0.0000 0.4617
ar_c2         0.1348 0.0231   5.8225 0.0000 0.5296
ar_c3         0.1058 0.0197   5.3827 0.0000 0.4036
ar_c4         0.1080 0.0218   4.9492 0.0000 0.4821
ar_c5         0.1121 0.0228   4.9265 0.0000 0.5467
ar_c6         0.3057 0.0192  15.9438 0.0000 0.4528
cl_c2_c1      0.0527 0.0171   3.0741 0.0021 0.3959
cl_c3_c1      0.0086 0.0127   0.6749 0.4997 0.5249
cl_c4_c1      0.0130 0.0122   1.0654 0.2867 0.2809
cl_c5_c1      0.0152 0.0143   1.0629 0.2878 0.3535
cl_c6_c1      0.0225 0.0143   1.5743 0.1154 0.5281
cl_c1_c2     -0.0043 0.0272  -0.1594 0.8734 0.5832
cl_c3_c2      0.0244 0.0133   1.8386 0.0660 0.3999
cl_c4_c2      0.0207 0.0160   1.2914 0.1966 0.4163
cl_c5_c2     -0.0060 0.0179  -0.3355 0.7372 0.4283
cl_c6_c2      0.0297 0.0168   1.7741 0.0761 0.5222
cl_c1_c3      0.0088 0.0313   0.2819 0.7780 0.3329
cl_c2_c3      0.0168 0.0299   0.5614 0.5745 0.4165
cl_c4_c3      0.0380 0.0242   1.5676 0.1170 0.4612
cl_c5_c3      0.0146 0.0280   0.5221 0.6016 0.5075
cl_c6_c3      0.0649 0.0200   3.2475 0.0012 0.2885
cl_c1_c4      0.0001 0.0349   0.0036 0.9971 0.5924
cl_c2_c4      0.0417 0.0273   1.5303 0.1259 0.4670
cl_c3_c4      0.0578 0.0161   3.5978 0.0003 0.3382
cl_c5_c4     -0.0036 0.0238  -0.1536 0.8779 0.4795
cl_c6_c4      0.0634 0.0208   3.0437 0.0023 0.5018
cl_c1_c5      0.0138 0.0215   0.6415 0.5212 0.1642
cl_c2_c5     -0.0336 0.0223  -1.5078 0.1316 0.3780
cl_c3_c5     -0.0413 0.0133  -3.1099 0.0019 0.2464
cl_c4_c5     -0.0059 0.0183  -0.3206 0.7485 0.4401
cl_c6_c5     -0.0037 0.0183  -0.1999 0.8415 0.4987
cl_c1_c6      0.0211 0.0260   0.8094 0.4183 0.3420
cl_c2_c6     -0.0047 0.0260  -0.1811 0.8563 0.4722
cl_c3_c6     -0.0204 0.0159  -1.2837 0.1992 0.3954
cl_c4_c6      0.0060 0.0201   0.2999 0.7642 0.4669
cl_c5_c6      0.0305 0.0204   1.4937 0.1353 0.3689
v1_c1         1.5323 0.1935   7.9183 0.0000 0.3386
v1_c2         2.3625 0.3037   7.7786 0.0000 0.3636
v1_c3         4.6998 0.5067   9.2755 0.0000 0.1075
v1_c4         3.4639 0.4128   8.3910 0.0000 0.2614
v1_c5         2.9329 0.3590   8.1695 0.0000 0.3036
v1_c6         3.7216 0.4477   8.3135 0.0000 0.2664
cov1_c1c2     0.7074 0.1845   3.8344 0.0001 0.3626
cov1_c1c3     0.6446 0.2313   2.7867 0.0053 0.2560
cov1_c1c4     0.3798 0.1957   1.9411 0.0523 0.2511
cov1_c1c5     0.0489 0.1683   0.2906 0.7713 0.1718
cov1_c1c6     0.4731 0.2056   2.3015 0.0214 0.2605
cov1_c2c3     0.6825 0.2828   2.4131 0.0158 0.2465
cov1_c2c4     0.8831 0.2824   3.1266 0.0018 0.4081
cov1_c2c5    -0.6498 0.2388  -2.7208 0.0065 0.3249
cov1_c2c6     0.1863 0.2856   0.6521 0.5143 0.4286
cov1_c3c4     1.7708 0.3779   4.6857 0.0000 0.2912
cov1_c3c5    -0.4326 0.3136  -1.3794 0.1678 0.2624
cov1_c3c6     1.3253 0.3702   3.5803 0.0003 0.2637
cov1_c4c5    -1.0348 0.2878  -3.5954 0.0003 0.2915
cov1_c4c6     0.6771 0.3135   2.1600 0.0308 0.2833
cov1_c5c6     0.3602 0.2837   1.2697 0.2042 0.2786
innov_c1      1.4528 0.0361  40.2269 0.0000 0.4700
innov_c2      2.0156 0.0488  41.3249 0.0000 0.4406
innov_c3      4.2747 0.0909  47.0466 0.0000 0.2755
innov_c4      3.2485 0.0746  43.5231 0.0000 0.3797
innov_c5      2.5292 0.0638  39.6424 0.0000 0.4853
innov_c6      2.9144 0.0737  39.5620 0.0000 0.4872
icov_c1c2     0.5519 0.0317  17.4084 0.0000 0.4732
icov_c1c3     0.6525 0.0499  13.0786 0.0000 0.5636
icov_c1c4     0.3096 0.0390   7.9417 0.0000 0.4813
icov_c1c5    -0.2035 0.0344  -5.9179 0.0000 0.4857
icov_c1c6     0.1785 0.0349   5.1166 0.0000 0.4258
icov_c2c3     0.3354 0.0495   6.7729 0.0000 0.4173
icov_c2c4     0.8488 0.0492  17.2426 0.0000 0.5089
icov_c2c5    -0.7883 0.0396 -19.8911 0.0000 0.4037
icov_c2c6     0.1085 0.0390   2.7819 0.0054 0.3666
icov_c3c4     0.9087 0.0609  14.9244 0.0000 0.3503
icov_c3c5    -0.0971 0.0548  -1.7711 0.0765 0.4108
icov_c3c6     0.9531 0.0560  17.0197 0.0000 0.3020
icov_c4c5    -0.9866 0.0489 -20.1711 0.0000 0.3711
icov_c4c6     0.4475 0.0509   8.7866 0.0000 0.3897
icov_c5c6     0.0186 0.0432   0.4310 0.6665 0.3536
RIvar_c1      0.6648 0.0740   8.9803 0.0000 0.0655
RIvar_c2      1.0316 0.1120   9.2100 0.0000 0.0280
RIvar_c3      0.6736 0.0894   7.5341 0.0000 0.1211
RIvar_c4      0.7224 0.0883   8.1780 0.0000 0.0757
RIvar_c5      0.8068 0.0952   8.4728 0.0000 0.1100
RIvar_c6      1.1418 0.1362   8.3822 0.0000 0.0993
RIcov_c1c2    0.4809 0.0742   6.4805 0.0000 0.0530
RIcov_c1c3    0.1134 0.0583   1.9449 0.0518 0.0881
RIcov_c1c4    0.1908 0.0585   3.2629 0.0011 0.0490
RIcov_c1c5   -0.2660 0.0611  -4.3526 0.0000 0.0403
RIcov_c1c6    0.0669 0.0698   0.9587 0.3377 0.0446
RIcov_c2c3    0.0982 0.0705   1.3942 0.1633 0.0545
RIcov_c2c4    0.4694 0.0790   5.9429 0.0000 0.0432
RIcov_c2c5   -0.5910 0.0853  -6.9309 0.0000 0.0538
RIcov_c2c6   -0.1006 0.0871  -1.1546 0.2483 0.0543
RIcov_c3c4    0.3968 0.0711   5.5796 0.0000 0.0992
RIcov_c3c5    0.1127 0.0641   1.7583 0.0787 0.0720
RIcov_c3c6    0.2758 0.0811   3.4029 0.0007 0.0955
RIcov_c4c5   -0.2740 0.0682  -4.0175 0.0001 0.0745
RIcov_c4c6    0.1589 0.0786   2.0221 0.0432 0.0822
RIcov_c5c6    0.2997 0.0813   3.6873 0.0002 0.0548
v_trait_e     0.3857 0.0382  10.0995 0.0000 0.0000
c_c1_trait_e  0.1918 0.0400   4.7946 0.0000 0.0334
c_c2_trait_e  0.2001 0.0485   4.1270 0.0000 0.0200
c_c3_trait_e  0.0584 0.0418   1.3964 0.1626 0.0782
c_c4_trait_e  0.0856 0.0419   2.0430 0.0410 0.0571
c_c5_trait_e -0.1391 0.0430  -3.2329 0.0012 0.0233
c_c6_trait_e  0.0643 0.0507   1.2679 0.2048 0.0334

RI-Trait correlations (standardized):
                 est     se      p
c_c1_trait_e  0.3788 0.0647 0.0000
c_c2_trait_e  0.3173 0.0667 0.0000
c_c3_trait_e  0.1146 0.0808 0.1558
c_c4_trait_e  0.1622 0.0768 0.0346
c_c5_trait_e -0.2494 0.0707 0.0004
c_c6_trait_e  0.0969 0.0755 0.1992

Mean fit indices:
     chisq         df     pvalue        cfi        tli      rmsea       srmr 
52772.6874 18801.0000     0.0000     0.2906     0.3009     0.0941     0.0798 


============================================================
STATE: STATE_N 
============================================================

--- Model 0 : state_n ---
Converged: 20 / 20 

Pooled parameters (Rubin's Rules):
                est     se       z      p    fmi
rim_c1       3.5474 0.0774 45.8407 0.0000 0.0425
mt_trait_n   3.2868 0.0469 70.0362 0.0000 0.0000
ar_c1        0.1169 0.0217  5.3766 0.0000 0.5899
v1_c1        2.7850 0.3313  8.4060 0.0000 0.2549
innov_c1     2.7418 0.0603 45.4988 0.0000 0.3221
RIvar_c1     1.0643 0.1186  8.9741 0.0000 0.0453
v_trait_n    0.4493 0.0445 10.0995 0.0000 0.0000
c_c1_trait_n 0.1234 0.0523  2.3616 0.0182 0.0295

RI-Trait correlations (standardized):
                est     se      p
c_c1_trait_n 0.1785 0.0723 0.0136

Mean fit indices:
    chisq        df    pvalue       cfi       tli     rmsea      srmr 
3989.9707  586.0000    0.0000    0.3338    0.3997    0.1687    0.0863 


--- Model 1 : state_n + happiness ---
Converged: 20 / 20 

Pooled parameters (Rubin's Rules):
                 est     se        z      p    fmi
rim_c1        3.5494 0.0773  45.9184 0.0000 0.0427
rim_c2        5.2625 0.0754  69.8158 0.0000 0.0307
mt_trait_n    3.2868 0.0469  70.0361 0.0000 0.0000
ar_c1         0.1020 0.0236   4.3248 0.0000 0.6292
ar_c2         0.1379 0.0214   6.4473 0.0000 0.5533
cl_c2_c1     -0.0671 0.0225  -2.9869 0.0028 0.4679
cl_c1_c2     -0.0435 0.0159  -2.7316 0.0063 0.4178
v1_c1         2.7852 0.3311   8.4119 0.0000 0.2537
v1_c2         2.3831 0.3061   7.7867 0.0000 0.3618
cov1_c1c2    -0.8177 0.2490  -3.2841 0.0010 0.3792
innov_c1      2.7347 0.0597  45.7970 0.0000 0.3132
innov_c2      2.0196 0.0482  41.8582 0.0000 0.4261
icov_c1c2    -0.5761 0.0362 -15.9114 0.0000 0.2689
RIvar_c1      1.0611 0.1182   8.9732 0.0000 0.0443
RIvar_c2      1.0400 0.1129   9.2092 0.0000 0.0289
RIcov_c1c2   -0.3950 0.0875  -4.5155 0.0000 0.0429
v_trait_n     0.4493 0.0445  10.0995 0.0000 0.0000
c_c1_trait_n  0.1241 0.0522   2.3768 0.0175 0.0295
c_c2_trait_n  0.0450 0.0502   0.8961 0.3702 0.0147

RI-Trait correlations (standardized):
                est     se      p
c_c1_trait_n 0.1797 0.0723 0.0129
c_c2_trait_n 0.0658 0.0730 0.3672

Mean fit indices:
    chisq        df    pvalue       cfi       tli     rmsea      srmr 
9335.2071 2191.0000    0.0000    0.3813    0.4126    0.1264    0.0823 


--- Model 2 : state_n + happiness + selfesteem ---
Converged: 20 / 20 

Pooled parameters (Rubin's Rules):
                 est     se        z      p    fmi
rim_c1        3.5500 0.0774  45.8881 0.0000 0.0435
rim_c2        5.2607 0.0753  69.8571 0.0000 0.0287
rim_c3        5.3199 0.0800  66.4632 0.0000 0.0214
mt_trait_n    3.2868 0.0469  70.0362 0.0000 0.0000
ar_c1         0.1005 0.0237   4.2471 0.0000 0.6267
ar_c2         0.0869 0.0252   3.4438 0.0006 0.5477
ar_c3         0.1206 0.0222   5.4417 0.0000 0.4143
cl_c2_c1     -0.0580 0.0247  -2.3445 0.0191 0.3714
cl_c3_c1     -0.0165 0.0282  -0.5868 0.5573 0.4479
cl_c1_c2     -0.0351 0.0158  -2.2225 0.0262 0.4006
cl_c3_c2      0.0965 0.0223   4.3364 0.0000 0.3484
cl_c1_c3     -0.0239 0.0172  -1.3922 0.1639 0.5592
cl_c2_c3      0.0649 0.0246   2.6374 0.0084 0.5930
v1_c1         2.7885 0.3307   8.4312 0.0000 0.2506
v1_c2         2.3730 0.3039   7.8076 0.0000 0.3618
v1_c3         1.8647 0.2333   7.9937 0.0000 0.3215
cov1_c1c2    -0.8252 0.2490  -3.3139 0.0009 0.3817
cov1_c1c3    -0.9759 0.2157  -4.5241 0.0000 0.3034
cov1_c2c3     1.4238 0.2347   6.0669 0.0000 0.3806
innov_c1      2.7340 0.0597  45.8338 0.0000 0.3121
innov_c2      2.0108 0.0485  41.4338 0.0000 0.4378
innov_c3      1.7550 0.0431  40.7612 0.0000 0.4558
icov_c1c2    -0.5743 0.0361 -15.9021 0.0000 0.2686
icov_c1c3    -0.4968 0.0388 -12.7946 0.0000 0.4521
icov_c2c3     1.0645 0.0360  29.5576 0.0000 0.4113
RIvar_c1      1.0623 0.1184   8.9743 0.0000 0.0445
RIvar_c2      1.0399 0.1129   9.2131 0.0000 0.0276
RIvar_c3      1.2042 0.1283   9.3838 0.0000 0.0255
RIcov_c1c2   -0.3961 0.0875  -4.5250 0.0000 0.0424
RIcov_c1c3   -0.4188 0.0932  -4.4916 0.0000 0.0450
RIcov_c2c3    1.0752 0.1163   9.2475 0.0000 0.0169
v_trait_n     0.4493 0.0445  10.0995 0.0000 0.0000
c_c1_trait_n  0.1240 0.0522   2.3730 0.0176 0.0301
c_c2_trait_n  0.0449 0.0502   0.8938 0.3714 0.0138
c_c3_trait_n  0.0351 0.0537   0.6528 0.5139 0.0227

RI-Trait correlations (standardized):
                est     se      p
c_c1_trait_n 0.1795 0.0723 0.0131
c_c2_trait_n 0.0656 0.0730 0.3685
c_c3_trait_n 0.0477 0.0728 0.5125

Mean fit indices:
     chisq         df     pvalue        cfi        tli      rmsea       srmr 
16178.6421  4815.0000     0.0000     0.4763     0.4936     0.1076     0.0833 


--- Model 3 : state_n + happiness + selfesteem + negativity ---
Converged: 20 / 20 

Pooled parameters (Rubin's Rules):
                 est     se        z      p    fmi
rim_c1        3.5497 0.0774  45.8806 0.0000 0.0433
rim_c2        5.2610 0.0753  69.8540 0.0000 0.0292
rim_c3        5.3205 0.0800  66.4674 0.0000 0.0219
rim_c4        2.5706 0.0701  36.6859 0.0000 0.0901
mt_trait_n    3.2868 0.0469  70.0364 0.0000 0.0000
ar_c1         0.0996 0.0240   4.1446 0.0000 0.6319
ar_c2         0.0873 0.0247   3.5400 0.0004 0.5025
ar_c3         0.1207 0.0224   5.3930 0.0000 0.4212
ar_c4         0.1045 0.0217   4.8235 0.0000 0.5244
cl_c2_c1     -0.0559 0.0255  -2.1920 0.0284 0.3779
cl_c3_c1     -0.0159 0.0282  -0.5652 0.5720 0.4436
cl_c4_c1      0.0069 0.0205   0.3359 0.7370 0.4383
cl_c1_c2     -0.0353 0.0162  -2.1801 0.0292 0.4211
cl_c3_c2      0.0966 0.0225   4.2940 0.0000 0.3580
cl_c4_c2      0.0014 0.0177   0.0763 0.9392 0.4509
cl_c1_c3     -0.0242 0.0175  -1.3886 0.1650 0.5650
cl_c2_c3      0.0654 0.0248   2.6365 0.0084 0.5788
cl_c4_c3      0.0019 0.0176   0.1062 0.9154 0.5115
cl_c1_c4      0.0251 0.0194   1.2929 0.1961 0.4923
cl_c2_c4      0.0052 0.0249   0.2070 0.8360 0.3979
cl_c3_c4     -0.0749 0.0259  -2.8884 0.0039 0.3915
v1_c1         2.7885 0.3308   8.4286 0.0000 0.2510
v1_c2         2.3752 0.3039   7.8155 0.0000 0.3607
v1_c3         1.8662 0.2333   7.9988 0.0000 0.3207
v1_c4         2.9400 0.3614   8.1346 0.0000 0.3085
cov1_c1c2    -0.8254 0.2492  -3.3126 0.0009 0.3820
cov1_c1c3    -0.9764 0.2159  -4.5229 0.0000 0.3039
cov1_c1c4     0.8906 0.2589   3.4394 0.0006 0.2977
cov1_c2c3     1.4256 0.2347   6.0744 0.0000 0.3795
cov1_c2c4    -0.6692 0.2410  -2.7773 0.0055 0.3307
cov1_c3c4    -0.4472 0.2105  -2.1243 0.0336 0.3245
innov_c1      2.7336 0.0595  45.9163 0.0000 0.3096
innov_c2      2.0104 0.0484  41.5153 0.0000 0.4356
innov_c3      1.7547 0.0431  40.7259 0.0000 0.4567
innov_c4      2.5281 0.0635  39.8069 0.0000 0.4810
icov_c1c2    -0.5743 0.0361 -15.9165 0.0000 0.2675
icov_c1c3    -0.4969 0.0388 -12.8082 0.0000 0.4513
icov_c1c4     0.5514 0.0431  12.7971 0.0000 0.3637
icov_c2c3     1.0643 0.0360  29.5737 0.0000 0.4107
icov_c2c4    -0.7835 0.0401 -19.5484 0.0000 0.4194
icov_c3c4    -0.5850 0.0348 -16.8204 0.0000 0.3532
RIvar_c1      1.0627 0.1184   8.9741 0.0000 0.0447
RIvar_c2      1.0397 0.1128   9.2180 0.0000 0.0267
RIvar_c3      1.2039 0.1283   9.3848 0.0000 0.0255
RIvar_c4      0.8115 0.0957   8.4760 0.0000 0.1097
RIcov_c1c2   -0.3960 0.0875  -4.5244 0.0000 0.0423
RIcov_c1c3   -0.4187 0.0932  -4.4907 0.0000 0.0449
RIcov_c1c4    0.3354 0.0792   4.2334 0.0000 0.0643
RIcov_c2c3    1.0749 0.1162   9.2503 0.0000 0.0165
RIcov_c2c4   -0.5973 0.0859  -6.9551 0.0000 0.0523
RIcov_c3c4   -0.6121 0.0895  -6.8402 0.0000 0.0339
v_trait_n     0.4493 0.0445  10.0995 0.0000 0.0000
c_c1_trait_n  0.1237 0.0522   2.3684 0.0179 0.0296
c_c2_trait_n  0.0447 0.0502   0.8912 0.3728 0.0134
c_c3_trait_n  0.0349 0.0537   0.6499 0.5157 0.0225
c_c4_trait_n  0.0806 0.0458   1.7612 0.0782 0.0258

RI-Trait correlations (standardized):
                est     se      p
c_c1_trait_n 0.1791 0.0723 0.0133
c_c2_trait_n 0.0654 0.0730 0.3699
c_c3_trait_n 0.0475 0.0728 0.5143
c_c4_trait_n 0.1335 0.0740 0.0711

Mean fit indices:
     chisq         df     pvalue        cfi        tli      rmsea       srmr 
24915.2427  8458.0000     0.0000     0.4377     0.4511     0.0977     0.0823 


--- Model 4 : state_n + happiness + selfesteem + negativity + positivity ---
Converged: 20 / 20 

Pooled parameters (Rubin's Rules):
                 est     se        z      p    fmi
rim_c1        3.5491 0.0774  45.8722 0.0000 0.0432
rim_c2        5.2610 0.0753  69.9058 0.0000 0.0291
rim_c3        5.3209 0.0801  66.4310 0.0000 0.0221
rim_c4        2.5703 0.0701  36.6775 0.0000 0.0909
rim_c5        4.4703 0.0678  65.8916 0.0000 0.0811
mt_trait_n    3.2868 0.0469  70.0362 0.0000 0.0000
ar_c1         0.0983 0.0241   4.0774 0.0000 0.6328
ar_c2         0.0803 0.0252   3.1898 0.0014 0.5076
ar_c3         0.1202 0.0223   5.3930 0.0000 0.4154
ar_c4         0.1005 0.0234   4.2868 0.0000 0.5684
ar_c5         0.1358 0.0210   6.4577 0.0000 0.4721
cl_c2_c1     -0.0516 0.0260  -1.9840 0.0473 0.3840
cl_c3_c1     -0.0147 0.0279  -0.5270 0.5982 0.4322
cl_c4_c1      0.0024 0.0221   0.1094 0.9129 0.4867
cl_c5_c1     -0.0162 0.0208  -0.7793 0.4358 0.5614
cl_c1_c2     -0.0334 0.0163  -2.0416 0.0412 0.4280
cl_c3_c2      0.0945 0.0223   4.2375 0.0000 0.3459
cl_c4_c2      0.0092 0.0184   0.5006 0.6166 0.4585
cl_c5_c2      0.0276 0.0152   1.8114 0.0701 0.3994
cl_c1_c3     -0.0238 0.0174  -1.3660 0.1719 0.5615
cl_c2_c3      0.0643 0.0254   2.5334 0.0113 0.5847
cl_c4_c3      0.0032 0.0177   0.1797 0.8574 0.4850
cl_c5_c3      0.0045 0.0145   0.3124 0.7547 0.4228
cl_c1_c4      0.0239 0.0196   1.2187 0.2230 0.4996
cl_c2_c4      0.0088 0.0255   0.3442 0.7307 0.4054
cl_c3_c4     -0.0739 0.0257  -2.8805 0.0040 0.3778
cl_c5_c4     -0.0140 0.0173  -0.8092 0.4184 0.4120
cl_c1_c5     -0.0107 0.0199  -0.5411 0.5884 0.3682
cl_c2_c5      0.0523 0.0304   1.7160 0.0862 0.4611
cl_c3_c5     -0.0107 0.0335  -0.3195 0.7493 0.5261
cl_c4_c5      0.0090 0.0243   0.3722 0.7097 0.4911
v1_c1         2.7869 0.3305   8.4325 0.0000 0.2503
v1_c2         2.3771 0.3049   7.7963 0.0000 0.3638
v1_c3         1.8646 0.2331   7.9999 0.0000 0.3206
v1_c4         2.9253 0.3592   8.1429 0.0000 0.3073
v1_c5         3.4478 0.4110   8.3884 0.0000 0.2616
cov1_c1c2    -0.8262 0.2494  -3.3127 0.0009 0.3830
cov1_c1c3    -0.9738 0.2160  -4.5090 0.0000 0.3060
cov1_c1c4     0.8821 0.2581   3.4179 0.0006 0.2980
cov1_c1c5    -0.5951 0.2808  -2.1194 0.0341 0.3348
cov1_c2c3     1.4249 0.2348   6.0696 0.0000 0.3801
cov1_c2c4    -0.6649 0.2401  -2.7688 0.0056 0.3293
cov1_c2c5     0.8676 0.2820   3.0772 0.0021 0.4085
cov1_c3c4    -0.4415 0.2095  -2.1070 0.0351 0.3227
cov1_c3c5     0.3733 0.2319   1.6099 0.1074 0.3545
cov1_c4c5    -1.0275 0.2863  -3.5893 0.0003 0.2892
innov_c1      2.7325 0.0598  45.6608 0.0000 0.3172
innov_c2      2.0086 0.0486  41.3269 0.0000 0.4407
innov_c3      1.7544 0.0431  40.6963 0.0000 0.4575
innov_c4      2.5278 0.0636  39.7575 0.0000 0.4823
innov_c5      3.2755 0.0751  43.6395 0.0000 0.3764
icov_c1c2    -0.5733 0.0363 -15.8093 0.0000 0.2758
icov_c1c3    -0.4966 0.0389 -12.7730 0.0000 0.4540
icov_c1c4     0.5510 0.0432  12.7589 0.0000 0.3670
icov_c1c5    -0.5546 0.0501 -11.0742 0.0000 0.3956
icov_c2c3     1.0639 0.0361  29.4590 0.0000 0.4154
icov_c2c4    -0.7828 0.0402 -19.4729 0.0000 0.4235
icov_c2c5     0.8610 0.0505  17.0581 0.0000 0.5295
icov_c3c4    -0.5850 0.0347 -16.8405 0.0000 0.3517
icov_c3c5     0.6015 0.0402  14.9802 0.0000 0.3798
icov_c4c5    -0.9971 0.0489 -20.3740 0.0000 0.3662
RIvar_c1      1.0629 0.1185   8.9717 0.0000 0.0452
RIvar_c2      1.0381 0.1126   9.2214 0.0000 0.0257
RIvar_c3      1.2054 0.1284   9.3875 0.0000 0.0253
RIvar_c4      0.8110 0.0957   8.4725 0.0000 0.1104
RIvar_c5      0.7294 0.0891   8.1852 0.0000 0.0778
RIcov_c1c2   -0.3956 0.0875  -4.5230 0.0000 0.0421
RIcov_c1c3   -0.4193 0.0933  -4.4965 0.0000 0.0440
RIcov_c1c4    0.3353 0.0792   4.2325 0.0000 0.0647
RIcov_c1c5   -0.2742 0.0755  -3.6316 0.0003 0.0532
RIcov_c2c3    1.0747 0.1161   9.2547 0.0000 0.0156
RIcov_c2c4   -0.5963 0.0858  -6.9499 0.0000 0.0530
RIcov_c2c5    0.4755 0.0796   5.9765 0.0000 0.0418
RIcov_c3c4   -0.6120 0.0895  -6.8360 0.0000 0.0346
RIcov_c3c5    0.4660 0.0840   5.5456 0.0000 0.0628
RIcov_c4c5   -0.2789 0.0687  -4.0625 0.0000 0.0734
v_trait_n     0.4493 0.0445  10.0995 0.0000 0.0000
c_c1_trait_n  0.1237 0.0522   2.3684 0.0179 0.0296
c_c2_trait_n  0.0446 0.0501   0.8900 0.3734 0.0132
c_c3_trait_n  0.0351 0.0538   0.6521 0.5143 0.0224
c_c4_trait_n  0.0806 0.0457   1.7620 0.0781 0.0254
c_c5_trait_n -0.0312 0.0448  -0.6974 0.4855 0.0497

RI-Trait correlations (standardized):
                 est     se      p
c_c1_trait_n  0.1791 0.0723 0.0133
c_c2_trait_n  0.0653 0.0730 0.3705
c_c3_trait_n  0.0476 0.0728 0.5129
c_c4_trait_n  0.1335 0.0739 0.0709
c_c5_trait_n -0.0546 0.0779 0.4835

Mean fit indices:
     chisq         df     pvalue        cfi        tli      rmsea       srmr 
36387.0278 13120.0000     0.0000     0.3937     0.4047     0.0932     0.0822 


--- Model 5 : state_n + happiness + selfesteem + negativity + positivity + intellect ---
Converged: 20 / 20 

Pooled parameters (Rubin's Rules):
                 est     se        z      p    fmi
rim_c1        3.5479 0.0775  45.8062 0.0000 0.0437
rim_c2        5.2610 0.0753  69.8900 0.0000 0.0297
rim_c3        5.3211 0.0801  66.4351 0.0000 0.0220
rim_c4        2.5702 0.0701  36.6896 0.0000 0.0907
rim_c5        4.4705 0.0677  66.0119 0.0000 0.0775
rim_c6        3.3982 0.0729  46.6331 0.0000 0.0614
mt_trait_n    3.2868 0.0469  70.0363 0.0000 0.0000
ar_c1         0.0973 0.0243   3.9990 0.0001 0.6390
ar_c2         0.0802 0.0252   3.1873 0.0014 0.5072
ar_c3         0.1201 0.0223   5.3919 0.0000 0.4152
ar_c4         0.0975 0.0236   4.1338 0.0000 0.5557
ar_c5         0.1335 0.0211   6.3400 0.0000 0.4664
ar_c6         0.1387 0.0198   7.0126 0.0000 0.4629
cl_c2_c1     -0.0524 0.0261  -2.0102 0.0444 0.3862
cl_c3_c1     -0.0141 0.0279  -0.5056 0.6132 0.4317
cl_c4_c1     -0.0027 0.0233  -0.1159 0.9077 0.5206
cl_c5_c1     -0.0138 0.0209  -0.6598 0.5094 0.5597
cl_c6_c1      0.0187 0.0185   1.0076 0.3137 0.5621
cl_c1_c2     -0.0336 0.0164  -2.0467 0.0407 0.4314
cl_c3_c2      0.0947 0.0223   4.2436 0.0000 0.3459
cl_c4_c2      0.0083 0.0188   0.4398 0.6601 0.4596
cl_c5_c2      0.0281 0.0152   1.8510 0.0642 0.3876
cl_c6_c2      0.0039 0.0135   0.2880 0.7733 0.3912
cl_c1_c3     -0.0235 0.0176  -1.3339 0.1822 0.5688
cl_c2_c3      0.0645 0.0255   2.5342 0.0113 0.5868
cl_c4_c3      0.0048 0.0187   0.2558 0.7981 0.5195
cl_c5_c3      0.0039 0.0145   0.2660 0.7903 0.4124
cl_c6_c3     -0.0056 0.0129  -0.4297 0.6674 0.4217
cl_c1_c4      0.0233 0.0196   1.1858 0.2357 0.5011
cl_c2_c4      0.0084 0.0256   0.3284 0.7426 0.4099
cl_c3_c4     -0.0734 0.0257  -2.8554 0.0043 0.3808
cl_c5_c4     -0.0125 0.0174  -0.7163 0.4738 0.4146
cl_c6_c4      0.0112 0.0145   0.7734 0.4393 0.3379
cl_c1_c5     -0.0098 0.0198  -0.4950 0.6206 0.3613
cl_c2_c5      0.0528 0.0305   1.7326 0.0832 0.4627
cl_c3_c5     -0.0110 0.0335  -0.3284 0.7426 0.5272
cl_c4_c5      0.0141 0.0254   0.5543 0.5794 0.5158
cl_c6_c5     -0.0182 0.0181  -1.0037 0.3155 0.4514
cl_c1_c6     -0.0196 0.0224  -0.8751 0.3815 0.4364
cl_c2_c6      0.0076 0.0331   0.2308 0.8175 0.4842
cl_c3_c6     -0.0355 0.0319  -1.1121 0.2661 0.4120
cl_c4_c6      0.0272 0.0228   1.1915 0.2335 0.3223
cl_c5_c6      0.0039 0.0215   0.1823 0.8554 0.4386
v1_c1         2.7888 0.3306   8.4350 0.0000 0.2500
v1_c2         2.3767 0.3049   7.7948 0.0000 0.3641
v1_c3         1.8634 0.2332   7.9905 0.0000 0.3222
v1_c4         2.9232 0.3586   8.1509 0.0000 0.3062
v1_c5         3.4415 0.4107   8.3795 0.0000 0.2633
v1_c6         4.1140 0.4796   8.5773 0.0000 0.2309
cov1_c1c2    -0.8264 0.2496  -3.3111 0.0009 0.3835
cov1_c1c3    -0.9730 0.2159  -4.5059 0.0000 0.3059
cov1_c1c4     0.8846 0.2581   3.4278 0.0006 0.2976
cov1_c1c5    -0.5941 0.2806  -2.1169 0.0343 0.3349
cov1_c1c6     0.6573 0.2885   2.2782 0.0227 0.2509
cov1_c2c3     1.4237 0.2348   6.0637 0.0000 0.3809
cov1_c2c4    -0.6673 0.2402  -2.7788 0.0055 0.3298
cov1_c2c5     0.8646 0.2817   3.0690 0.0021 0.4090
cov1_c2c6    -0.2517 0.2837  -0.8872 0.3750 0.3603
cov1_c3c4    -0.4435 0.2097  -2.1151 0.0344 0.3244
cov1_c3c5     0.3700 0.2321   1.5936 0.1110 0.3577
cov1_c3c6    -0.2908 0.2500  -1.1632 0.2448 0.3471
cov1_c4c5    -1.0316 0.2862  -3.6048 0.0003 0.2898
cov1_c4c6     1.1052 0.2974   3.7166 0.0002 0.2190
cov1_c5c6    -0.7655 0.3709  -2.0638 0.0390 0.4381
innov_c1      2.7306 0.0594  45.9492 0.0000 0.3086
innov_c2      2.0083 0.0486  41.3406 0.0000 0.4403
innov_c3      1.7541 0.0429  40.8750 0.0000 0.4527
innov_c4      2.5273 0.0636  39.7271 0.0000 0.4831
innov_c5      3.2743 0.0749  43.7097 0.0000 0.3744
innov_c6      3.7000 0.0752  49.2287 0.0000 0.2065
icov_c1c2    -0.5735 0.0364 -15.7699 0.0000 0.2804
icov_c1c3    -0.4961 0.0388 -12.7741 0.0000 0.4533
icov_c1c4     0.5502 0.0434  12.6842 0.0000 0.3731
icov_c1c5    -0.5535 0.0502 -11.0336 0.0000 0.3985
icov_c1c6     0.3224 0.0517   6.2426 0.0000 0.3736
icov_c2c3     1.0639 0.0361  29.4526 0.0000 0.4158
icov_c2c4    -0.7828 0.0403 -19.4042 0.0000 0.4277
icov_c2c5     0.8612 0.0505  17.0609 0.0000 0.5298
icov_c2c6    -0.3204 0.0478  -6.6971 0.0000 0.4610
icov_c3c4    -0.5848 0.0346 -16.8912 0.0000 0.3476
icov_c3c5     0.6013 0.0401  14.9976 0.0000 0.3782
icov_c3c6    -0.2736 0.0474  -5.7757 0.0000 0.5209
icov_c4c5    -0.9964 0.0490 -20.3257 0.0000 0.3687
icov_c4c6     0.8112 0.0522  15.5263 0.0000 0.3996
icov_c5c6    -0.7005 0.0590 -11.8667 0.0000 0.4078
RIvar_c1      1.0650 0.1187   8.9691 0.0000 0.0464
RIvar_c2      1.0379 0.1126   9.2201 0.0000 0.0259
RIvar_c3      1.2054 0.1284   9.3899 0.0000 0.0248
RIvar_c4      0.8105 0.0957   8.4721 0.0000 0.1104
RIvar_c5      0.7297 0.0892   8.1826 0.0000 0.0786
RIvar_c6      0.8667 0.1052   8.2408 0.0000 0.0809
RIcov_c1c2   -0.3954 0.0875  -4.5172 0.0000 0.0426
RIcov_c1c3   -0.4197 0.0934  -4.4952 0.0000 0.0445
RIcov_c1c4    0.3360 0.0793   4.2390 0.0000 0.0640
RIcov_c1c5   -0.2746 0.0756  -3.6316 0.0003 0.0544
RIcov_c1c6    0.1598 0.0804   1.9865 0.0470 0.0736
RIcov_c2c3    1.0747 0.1161   9.2565 0.0000 0.0153
RIcov_c2c4   -0.5966 0.0858  -6.9543 0.0000 0.0530
RIcov_c2c5    0.4755 0.0795   5.9778 0.0000 0.0413
RIcov_c2c6   -0.2244 0.0800  -2.8055 0.0050 0.0807
RIcov_c3c4   -0.6120 0.0895  -6.8373 0.0000 0.0346
RIcov_c3c5    0.4662 0.0840   5.5472 0.0000 0.0626
RIcov_c3c6   -0.2124 0.0849  -2.5021 0.0123 0.0781
RIcov_c4c5   -0.2795 0.0687  -4.0693 0.0000 0.0736
RIcov_c4c6    0.4260 0.0794   5.3638 0.0000 0.1119
RIcov_c5c6   -0.0356 0.0689  -0.5172 0.6050 0.0854
v_trait_n     0.4493 0.0445  10.0995 0.0000 0.0000
c_c1_trait_n  0.1242 0.0523   2.3762 0.0175 0.0290
c_c2_trait_n  0.0446 0.0501   0.8888 0.3741 0.0135
c_c3_trait_n  0.0351 0.0538   0.6534 0.5135 0.0224
c_c4_trait_n  0.0802 0.0457   1.7540 0.0794 0.0257
c_c5_trait_n -0.0313 0.0448  -0.6999 0.4840 0.0492
c_c6_trait_n -0.0009 0.0479  -0.0191 0.9847 0.0247

RI-Trait correlations (standardized):
                 est     se      p
c_c1_trait_n  0.1796 0.0723 0.0130
c_c2_trait_n  0.0653 0.0730 0.3712
c_c3_trait_n  0.0477 0.0728 0.5121
c_c4_trait_n  0.1329 0.0740 0.0723
c_c5_trait_n -0.0548 0.0779 0.4820
c_c6_trait_n -0.0014 0.0768 0.9851

Mean fit indices:
     chisq         df     pvalue        cfi        tli      rmsea       srmr 
52724.6472 18801.0000     0.0000     0.3310     0.3408     0.0940     0.0810 


============================================================
STATE: STATE_O 
============================================================

--- Model 0 : state_o ---
Converged: 20 / 20 

Pooled parameters (Rubin's Rules):
                est     se       z      p    fmi
rim_c1       5.0569 0.0688 73.4588 0.0000 0.0276
mt_trait_o   3.2088 0.0457 70.1659 0.0000 0.0000
ar_c1        0.1177 0.0171  6.8838 0.0000 0.3390
v1_c1        1.8878 0.2298  8.2165 0.0000 0.2906
innov_c1     1.7044 0.0402 42.3558 0.0000 0.4124
RIvar_c1     0.8743 0.0952  9.1830 0.0000 0.0434
v_trait_o    0.4266 0.0422 10.0995 0.0000 0.0000
c_c1_trait_o 0.1229 0.0461  2.6647 0.0077 0.0409

RI-Trait correlations (standardized):
                est     se      p
c_c1_trait_o 0.2013 0.0715 0.0049

Mean fit indices:
    chisq        df    pvalue       cfi       tli     rmsea      srmr 
4005.9055  586.0000    0.0000    0.3917    0.4519    0.1691    0.0843 


--- Model 1 : state_o + selfesteem ---
Converged: 20 / 20 

Pooled parameters (Rubin's Rules):
                est     se       z      p    fmi
rim_c1       5.0553 0.0688 73.5152 0.0000 0.0277
rim_c2       5.3205 0.0802 66.3438 0.0000 0.0217
mt_trait_o   3.2088 0.0457 70.1658 0.0000 0.0000
ar_c1        0.1003 0.0182  5.5248 0.0000 0.3414
ar_c2        0.1587 0.0189  8.3941 0.0000 0.3942
cl_c2_c1     0.0499 0.0211  2.3629 0.0181 0.5439
cl_c1_c2     0.0283 0.0178  1.5875 0.1124 0.3112
v1_c1        1.8729 0.2281  8.2109 0.0000 0.2922
v1_c2        1.8699 0.2332  8.0187 0.0000 0.3171
cov1_c1c2    0.5447 0.1564  3.4836 0.0005 0.1803
innov_c1     1.7014 0.0400 42.4937 0.0000 0.4086
innov_c2     1.7607 0.0435 40.5154 0.0000 0.4623
icov_c1c2    0.5852 0.0355 16.4797 0.0000 0.5664
RIvar_c1     0.8720 0.0949  9.1838 0.0000 0.0425
RIvar_c2     1.2089 0.1288  9.3837 0.0000 0.0263
RIcov_c1c2   0.7700 0.0964  7.9847 0.0000 0.0293
v_trait_o    0.4266 0.0422 10.0995 0.0000 0.0000
c_c1_trait_o 0.1226 0.0461  2.6619 0.0078 0.0404
c_c2_trait_o 0.0360 0.0527  0.6842 0.4938 0.0293

RI-Trait correlations (standardized):
                est     se      p
c_c1_trait_o 0.2010 0.0715 0.0049
c_c2_trait_o 0.0502 0.0730 0.4922

Mean fit indices:
    chisq        df    pvalue       cfi       tli     rmsea      srmr 
9267.9852 2191.0000    0.0000    0.4596    0.4869    0.1258    0.0852 


--- Model 2 : state_o + selfesteem + happiness ---
Converged: 20 / 20 

Pooled parameters (Rubin's Rules):
                est     se       z      p    fmi
rim_c1       5.0552 0.0687 73.6019 0.0000 0.0266
rim_c2       5.3201 0.0800 66.4849 0.0000 0.0216
rim_c3       5.2593 0.0753 69.8481 0.0000 0.0284
mt_trait_o   3.2088 0.0457 70.1659 0.0000 0.0000
ar_c1        0.0901 0.0182  4.9417 0.0000 0.3357
ar_c2        0.1204 0.0225  5.3468 0.0000 0.4154
ar_c3        0.0942 0.0253  3.7274 0.0002 0.5482
cl_c2_c1     0.0069 0.0249  0.2758 0.7827 0.5486
cl_c3_c1     0.0747 0.0211  3.5425 0.0004 0.4650
cl_c1_c2     0.0192 0.0179  1.0697 0.2847 0.3070
cl_c3_c2     0.0669 0.0239  2.7982 0.0051 0.5687
cl_c1_c3     0.0001 0.0197  0.0049 0.9961 0.3439
cl_c2_c3     0.1030 0.0233  4.4222 0.0000 0.3857
v1_c1        1.8738 0.2283  8.2084 0.0000 0.2926
v1_c2        1.8629 0.2335  7.9789 0.0000 0.3243
v1_c3        2.3700 0.3034  7.8109 0.0000 0.3614
cov1_c1c2    0.5435 0.1564  3.4757 0.0005 0.1832
cov1_c1c3    0.6563 0.1840  3.5672 0.0004 0.2467
cov1_c2c3    1.4226 0.2346  6.0638 0.0000 0.3816
innov_c1     1.6948 0.0397 42.6476 0.0000 0.4043
innov_c2     1.7561 0.0432 40.6518 0.0000 0.4587
innov_c3     2.0136 0.0489 41.2100 0.0000 0.4439
icov_c1c2    0.5797 0.0357 16.2150 0.0000 0.5755
icov_c1c3    0.5586 0.0321 17.3777 0.0000 0.4096
icov_c2c3    1.0664 0.0361 29.5373 0.0000 0.4128
RIvar_c1     0.8708 0.0948  9.1858 0.0000 0.0419
RIvar_c2     1.2031 0.1283  9.3774 0.0000 0.0266
RIvar_c3     1.0401 0.1129  9.2126 0.0000 0.0280
RIcov_c1c2   0.7673 0.0962  7.9792 0.0000 0.0294
RIcov_c1c3   0.6999 0.0891  7.8557 0.0000 0.0214
RIcov_c2c3   1.0748 0.1162  9.2459 0.0000 0.0173
v_trait_o    0.4266 0.0422 10.0995 0.0000 0.0000
c_c1_trait_o 0.1224 0.0460  2.6595 0.0078 0.0408
c_c2_trait_o 0.0360 0.0525  0.6863 0.4925 0.0289
c_c3_trait_o 0.0577 0.0494  1.1680 0.2428 0.0298

RI-Trait correlations (standardized):
                est     se      p
c_c1_trait_o 0.2009 0.0715 0.0049
c_c2_trait_o 0.0503 0.0730 0.4909
c_c3_trait_o 0.0867 0.0734 0.2379

Mean fit indices:
     chisq         df     pvalue        cfi        tli      rmsea       srmr 
16285.4635  4815.0000     0.0000     0.4976     0.5142     0.1081     0.0863 


--- Model 3 : state_o + selfesteem + happiness + negativity ---
Converged: 20 / 20 

Pooled parameters (Rubin's Rules):
                 est     se        z      p    fmi
rim_c1        5.0555 0.0686  73.6418 0.0000 0.0262
rim_c2        5.3209 0.0800  66.4940 0.0000 0.0221
rim_c3        5.2598 0.0753  69.8487 0.0000 0.0290
rim_c4        2.5699 0.0701  36.6724 0.0000 0.0905
mt_trait_o    3.2088 0.0457  70.1660 0.0000 0.0000
ar_c1         0.0901 0.0182   4.9468 0.0000 0.3353
ar_c2         0.1202 0.0229   5.2572 0.0000 0.4270
ar_c3         0.0931 0.0247   3.7643 0.0002 0.5012
ar_c4         0.1078 0.0214   5.0306 0.0000 0.5223
cl_c2_c1      0.0098 0.0253   0.3889 0.6973 0.5574
cl_c3_c1      0.0818 0.0214   3.8246 0.0001 0.4488
cl_c4_c1      0.0230 0.0170   1.3503 0.1769 0.5066
cl_c1_c2      0.0192 0.0179   1.0716 0.2839 0.3047
cl_c3_c2      0.0665 0.0244   2.7245 0.0064 0.5610
cl_c4_c2     -0.0014 0.0173  -0.0827 0.9341 0.5016
cl_c1_c3      0.0002 0.0198   0.0110 0.9912 0.3466
cl_c2_c3      0.1025 0.0236   4.3489 0.0000 0.3945
cl_c4_c3     -0.0036 0.0174  -0.2053 0.8373 0.4394
cl_c1_c4      0.0405 0.0267   1.5181 0.1290 0.5488
cl_c2_c4     -0.0890 0.0261  -3.4096 0.0007 0.3793
cl_c3_c4     -0.0049 0.0248  -0.1988 0.8424 0.3893
v1_c1         1.8744 0.2284   8.2053 0.0000 0.2932
v1_c2         1.8643 0.2335   7.9833 0.0000 0.3236
v1_c3         2.3713 0.3032   7.8202 0.0000 0.3600
v1_c4         2.9468 0.3623   8.1340 0.0000 0.3086
cov1_c1c2     0.5443 0.1565   3.4788 0.0005 0.1832
cov1_c1c3     0.6570 0.1842   3.5675 0.0004 0.2476
cov1_c1c4    -0.1655 0.2086  -0.7933 0.4276 0.3339
cov1_c2c3     1.4241 0.2346   6.0714 0.0000 0.3805
cov1_c2c4    -0.4523 0.2108  -2.1459 0.0319 0.3248
cov1_c3c4    -0.6746 0.2411  -2.7982 0.0051 0.3303
innov_c1      1.6936 0.0397  42.6552 0.0000 0.4041
innov_c2      1.7558 0.0432  40.6192 0.0000 0.4596
innov_c3      2.0133 0.0488  41.2966 0.0000 0.4415
innov_c4      2.5270 0.0640  39.5068 0.0000 0.4888
icov_c1c2     0.5796 0.0356  16.2593 0.0000 0.5734
icov_c1c3     0.5586 0.0320  17.4531 0.0000 0.4051
icov_c1c4    -0.2669 0.0330  -8.0932 0.0000 0.3449
icov_c2c3     1.0663 0.0361  29.5522 0.0000 0.4123
icov_c2c4    -0.5871 0.0347 -16.9019 0.0000 0.3511
icov_c3c4    -0.7852 0.0402 -19.5534 0.0000 0.4209
RIvar_c1      0.8703 0.0948   9.1815 0.0000 0.0427
RIvar_c2      1.2026 0.1282   9.3772 0.0000 0.0267
RIvar_c3      1.0396 0.1128   9.2164 0.0000 0.0272
RIvar_c4      0.8114 0.0957   8.4787 0.0000 0.1091
RIcov_c1c2    0.7664 0.0961   7.9732 0.0000 0.0301
RIcov_c1c3    0.6991 0.0890   7.8512 0.0000 0.0217
RIcov_c1c4   -0.3522 0.0716  -4.9215 0.0000 0.0565
RIcov_c2c3    1.0743 0.1162   9.2475 0.0000 0.0170
RIcov_c2c4   -0.6119 0.0895  -6.8363 0.0000 0.0352
RIcov_c3c4   -0.5972 0.0859  -6.9542 0.0000 0.0528
v_trait_o     0.4266 0.0422  10.0995 0.0000 0.0000
c_c1_trait_o  0.1222 0.0460   2.6557 0.0079 0.0411
c_c2_trait_o  0.0358 0.0525   0.6822 0.4951 0.0288
c_c3_trait_o  0.0575 0.0494   1.1641 0.2444 0.0298
c_c4_trait_o -0.0015 0.0452  -0.0338 0.9730 0.0649

RI-Trait correlations (standardized):
                 est     se      p
c_c1_trait_o  0.2007 0.0715 0.0050
c_c2_trait_o  0.0500 0.0730 0.4934
c_c3_trait_o  0.0864 0.0734 0.2396
c_c4_trait_o -0.0028 0.0767 0.9708

Mean fit indices:
     chisq         df     pvalue        cfi        tli      rmsea       srmr 
25093.1248  8458.0000     0.0000     0.4520     0.4651     0.0982     0.0843 


--- Model 4 : state_o + selfesteem + happiness + negativity + positivity ---
Converged: 20 / 20 

Pooled parameters (Rubin's Rules):
                 est     se        z      p    fmi
rim_c1        5.0551 0.0686  73.6800 0.0000 0.0261
rim_c2        5.3214 0.0801  66.4712 0.0000 0.0222
rim_c3        5.2596 0.0752  69.9063 0.0000 0.0290
rim_c4        2.5696 0.0701  36.6644 0.0000 0.0912
rim_c5        4.4694 0.0678  65.9024 0.0000 0.0805
mt_trait_o    3.2088 0.0457  70.1659 0.0000 0.0000
ar_c1         0.0908 0.0183   4.9621 0.0000 0.3407
ar_c2         0.1194 0.0228   5.2451 0.0000 0.4207
ar_c3         0.0851 0.0253   3.3613 0.0008 0.5071
ar_c4         0.1033 0.0234   4.4216 0.0000 0.5709
ar_c5         0.1370 0.0213   6.4315 0.0000 0.4882
cl_c2_c1      0.0076 0.0253   0.3017 0.7629 0.5581
cl_c3_c1      0.0761 0.0219   3.4763 0.0005 0.4549
cl_c4_c1      0.0295 0.0170   1.7316 0.0833 0.4718
cl_c5_c1      0.0215 0.0138   1.5533 0.1204 0.3873
cl_c1_c2      0.0194 0.0178   1.0883 0.2765 0.3004
cl_c3_c2      0.0648 0.0251   2.5844 0.0098 0.5688
cl_c4_c2      0.0005 0.0174   0.0305 0.9756 0.4739
cl_c5_c2      0.0065 0.0145   0.4505 0.6523 0.4221
cl_c1_c3      0.0012 0.0198   0.0616 0.9509 0.3503
cl_c2_c3      0.0996 0.0233   4.2712 0.0000 0.3803
cl_c4_c3      0.0053 0.0183   0.2880 0.7734 0.4549
cl_c5_c3      0.0298 0.0151   1.9702 0.0488 0.3939
cl_c1_c4      0.0400 0.0267   1.4991 0.1338 0.5499
cl_c2_c4     -0.0877 0.0258  -3.3983 0.0007 0.3633
cl_c3_c4     -0.0007 0.0255  -0.0288 0.9771 0.3997
cl_c5_c4     -0.0151 0.0171  -0.8799 0.3789 0.4052
cl_c1_c5      0.0349 0.0279   1.2497 0.2114 0.4666
cl_c2_c5     -0.0171 0.0337  -0.5079 0.6115 0.5163
cl_c3_c5      0.0485 0.0311   1.5605 0.1186 0.4777
cl_c4_c5      0.0082 0.0244   0.3360 0.7368 0.5021
v1_c1         1.8718 0.2279   8.2115 0.0000 0.2921
v1_c2         1.8630 0.2333   7.9852 0.0000 0.3234
v1_c3         2.3724 0.3041   7.8007 0.0000 0.3632
v1_c4         2.9335 0.3602   8.1446 0.0000 0.3069
v1_c5         3.4492 0.4110   8.3926 0.0000 0.2609
cov1_c1c2     0.5427 0.1564   3.4702 0.0005 0.1845
cov1_c1c3     0.6554 0.1841   3.5606 0.0004 0.2478
cov1_c1c4    -0.1603 0.2082  -0.7698 0.4414 0.3354
cov1_c1c5     0.1559 0.2285   0.6821 0.4952 0.3494
cov1_c2c3     1.4234 0.2346   6.0666 0.0000 0.3812
cov1_c2c4    -0.4474 0.2099  -2.1318 0.0330 0.3230
cov1_c2c5     0.3766 0.2313   1.6280 0.1035 0.3515
cov1_c3c4    -0.6708 0.2402  -2.7929 0.0052 0.3284
cov1_c3c5     0.8681 0.2813   3.0858 0.0020 0.4068
cov1_c4c5    -1.0328 0.2867  -3.6019 0.0003 0.2886
innov_c1      1.6925 0.0398  42.5161 0.0000 0.4080
innov_c2      1.7554 0.0433  40.5853 0.0000 0.4605
innov_c3      2.0111 0.0489  41.0951 0.0000 0.4470
innov_c4      2.5267 0.0641  39.4443 0.0000 0.4904
innov_c5      3.2740 0.0749  43.7234 0.0000 0.3740
icov_c1c2     0.5793 0.0356  16.2544 0.0000 0.5736
icov_c1c3     0.5573 0.0320  17.4003 0.0000 0.4070
icov_c1c4    -0.2665 0.0331  -8.0583 0.0000 0.3490
icov_c1c5     0.2274 0.0401   5.6689 0.0000 0.4308
icov_c2c3     1.0657 0.0362  29.4149 0.0000 0.4178
icov_c2c4    -0.5870 0.0347 -16.9115 0.0000 0.3504
icov_c2c5     0.6014 0.0401  15.0122 0.0000 0.3768
icov_c3c4    -0.7844 0.0403 -19.4477 0.0000 0.4266
icov_c3c5     0.8616 0.0504  17.0860 0.0000 0.5283
icov_c4c5    -0.9992 0.0490 -20.3723 0.0000 0.3691
RIvar_c1      0.8692 0.0947   9.1805 0.0000 0.0427
RIvar_c2      1.2036 0.1283   9.3793 0.0000 0.0265
RIvar_c3      1.0377 0.1125   9.2195 0.0000 0.0261
RIvar_c4      0.8109 0.0957   8.4765 0.0000 0.1095
RIvar_c5      0.7292 0.0891   8.1886 0.0000 0.0769
RIcov_c1c2    0.7658 0.0961   7.9696 0.0000 0.0303
RIcov_c1c3    0.6975 0.0888   7.8508 0.0000 0.0207
RIcov_c1c4   -0.3511 0.0715  -4.9141 0.0000 0.0560
RIcov_c1c5    0.2751 0.0685   4.0162 0.0001 0.0674
RIcov_c2c3    1.0737 0.1161   9.2512 0.0000 0.0162
RIcov_c2c4   -0.6116 0.0895  -6.8320 0.0000 0.0358
RIcov_c2c5    0.4641 0.0839   5.5329 0.0000 0.0615
RIcov_c3c4   -0.5961 0.0858  -6.9486 0.0000 0.0533
RIcov_c3c5    0.4750 0.0794   5.9812 0.0000 0.0391
RIcov_c4c5   -0.2779 0.0686  -4.0500 0.0001 0.0733
v_trait_o     0.4266 0.0422  10.0995 0.0000 0.0000
c_c1_trait_o  0.1221 0.0460   2.6542 0.0079 0.0417
c_c2_trait_o  0.0360 0.0525   0.6852 0.4932 0.0293
c_c3_trait_o  0.0573 0.0494   1.1616 0.2454 0.0305
c_c4_trait_o -0.0015 0.0451  -0.0326 0.9740 0.0647
c_c5_trait_o  0.0702 0.0438   1.6035 0.1088 0.0463

RI-Trait correlations (standardized):
                 est     se      p
c_c1_trait_o  0.2006 0.0715 0.0050
c_c2_trait_o  0.0502 0.0731 0.4916
c_c3_trait_o  0.0862 0.0735 0.2406
c_c4_trait_o -0.0027 0.0767 0.9718
c_c5_trait_o  0.1259 0.0768 0.1013

Mean fit indices:
     chisq         df     pvalue        cfi        tli      rmsea       srmr 
36547.6052 13120.0000     0.0000     0.4057     0.4166     0.0936     0.0837 


--- Model 5 : state_o + selfesteem + happiness + negativity + positivity + deception ---
Converged: 20 / 20 

Pooled parameters (Rubin's Rules):
                 est     se        z      p    fmi
rim_c1        5.0550 0.0686  73.7025 0.0000 0.0261
rim_c2        5.3215 0.0801  66.4667 0.0000 0.0224
rim_c3        5.2601 0.0752  69.9891 0.0000 0.0283
rim_c4        2.5697 0.0701  36.6538 0.0000 0.0911
rim_c5        4.4695 0.0678  65.9624 0.0000 0.0807
rim_c6        1.7319 0.0553  31.3143 0.0000 0.0422
mt_trait_o    3.2088 0.0457  70.1661 0.0000 0.0000
ar_c1         0.0898 0.0182   4.9349 0.0000 0.3337
ar_c2         0.1166 0.0227   5.1449 0.0000 0.4151
ar_c3         0.0847 0.0254   3.3380 0.0008 0.5100
ar_c4         0.0994 0.0230   4.3176 0.0000 0.5412
ar_c5         0.1364 0.0212   6.4226 0.0000 0.4845
ar_c6         0.1106 0.0208   5.3228 0.0000 0.5262
cl_c2_c1      0.0057 0.0252   0.2256 0.8215 0.5533
cl_c3_c1      0.0757 0.0219   3.4559 0.0005 0.4562
cl_c4_c1      0.0357 0.0172   2.0785 0.0377 0.4604
cl_c5_c1      0.0227 0.0139   1.6325 0.1026 0.3931
cl_c6_c1     -0.0387 0.0227  -1.7027 0.0886 0.4422
cl_c1_c2      0.0180 0.0178   1.0122 0.3115 0.2932
cl_c3_c2      0.0640 0.0249   2.5679 0.0102 0.5647
cl_c4_c2      0.0086 0.0175   0.4949 0.6207 0.4600
cl_c5_c2      0.0082 0.0145   0.5628 0.5736 0.4265
cl_c6_c2     -0.0548 0.0241  -2.2742 0.0230 0.4875
cl_c1_c3      0.0004 0.0198   0.0214 0.9830 0.3512
cl_c2_c3      0.0979 0.0234   4.1840 0.0000 0.3836
cl_c4_c3      0.0104 0.0189   0.5499 0.5824 0.4736
cl_c5_c3      0.0309 0.0153   2.0232 0.0431 0.4027
cl_c6_c3     -0.0332 0.0256  -1.2968 0.1947 0.4795
cl_c1_c4      0.0406 0.0267   1.5237 0.1276 0.5488
cl_c2_c4     -0.0863 0.0259  -3.3320 0.0009 0.3675
cl_c3_c4     -0.0004 0.0254  -0.0139 0.9889 0.3953
cl_c5_c4     -0.0160 0.0170  -0.9414 0.3465 0.3966
cl_c6_c4      0.0259 0.0253   1.0240 0.3059 0.3308
cl_c1_c5      0.0357 0.0280   1.2728 0.2031 0.4697
cl_c2_c5     -0.0159 0.0334  -0.4753 0.6346 0.5081
cl_c3_c5      0.0489 0.0311   1.5708 0.1162 0.4781
cl_c4_c5      0.0044 0.0246   0.1771 0.8595 0.4935
cl_c6_c5      0.0255 0.0329   0.7756 0.4380 0.4848
cl_c1_c6      0.0187 0.0179   1.0409 0.2979 0.5369
cl_c2_c6     -0.0143 0.0220  -0.6495 0.5160 0.5938
cl_c3_c6     -0.0081 0.0209  -0.3876 0.6983 0.5879
cl_c4_c6      0.0142 0.0162   0.8757 0.3812 0.5797
cl_c5_c6      0.0119 0.0128   0.9237 0.3556 0.5095
v1_c1         1.8714 0.2278   8.2160 0.0000 0.2913
v1_c2         1.8634 0.2333   7.9867 0.0000 0.3232
v1_c3         2.3723 0.3042   7.7977 0.0000 0.3637
v1_c4         2.9368 0.3601   8.1551 0.0000 0.3068
v1_c5         3.4478 0.4113   8.3824 0.0000 0.2628
v1_c6         1.2907 0.1648   7.8333 0.0000 0.3551
cov1_c1c2     0.5423 0.1563   3.4686 0.0005 0.1841
cov1_c1c3     0.6552 0.1840   3.5607 0.0004 0.2474
cov1_c1c4    -0.1588 0.2088  -0.7608 0.4468 0.3392
cov1_c1c5     0.1548 0.2283   0.6780 0.4978 0.3490
cov1_c1c6    -0.0389 0.1430  -0.2721 0.7855 0.3802
cov1_c2c3     1.4235 0.2347   6.0659 0.0000 0.3814
cov1_c2c4    -0.4493 0.2099  -2.1408 0.0323 0.3230
cov1_c2c5     0.3770 0.2313   1.6302 0.1030 0.3513
cov1_c2c6    -0.0654 0.1371  -0.4766 0.6337 0.3264
cov1_c3c4    -0.6724 0.2408  -2.7921 0.0052 0.3318
cov1_c3c5     0.8686 0.2815   3.0856 0.0020 0.4077
cov1_c3c6     0.0361 0.1605   0.2246 0.8223 0.3801
cov1_c4c5    -1.0332 0.2873  -3.5959 0.0003 0.2920
cov1_c4c6     0.6075 0.1828   3.3227 0.0009 0.3496
cov1_c5c6     0.0435 0.1847   0.2356 0.8137 0.3174
innov_c1      1.6909 0.0398  42.5282 0.0000 0.4076
innov_c2      1.7521 0.0435  40.2712 0.0000 0.4688
innov_c3      2.0100 0.0486  41.3518 0.0000 0.4400
innov_c4      2.5257 0.0639  39.4955 0.0000 0.4892
innov_c5      3.2732 0.0746  43.8558 0.0000 0.3702
innov_c6      1.1696 0.0312  37.5068 0.0000 0.5392
icov_c1c2     0.5772 0.0358  16.1035 0.0000 0.5798
icov_c1c3     0.5560 0.0320  17.3788 0.0000 0.4069
icov_c1c4    -0.2655 0.0330  -8.0421 0.0000 0.3477
icov_c1c5     0.2285 0.0398   5.7403 0.0000 0.4230
icov_c1c6    -0.1256 0.0299  -4.2001 0.0000 0.6350
icov_c2c3     1.0637 0.0363  29.2839 0.0000 0.4224
icov_c2c4    -0.5855 0.0349 -16.7833 0.0000 0.3586
icov_c2c5     0.6026 0.0402  15.0068 0.0000 0.3809
icov_c2c6    -0.1868 0.0244  -7.6533 0.0000 0.4269
icov_c3c4    -0.7834 0.0404 -19.4145 0.0000 0.4278
icov_c3c5     0.8625 0.0506  17.0375 0.0000 0.5322
icov_c3c6    -0.2018 0.0273  -7.4028 0.0000 0.4732
icov_c4c5    -0.9997 0.0491 -20.3561 0.0000 0.3711
icov_c4c6     0.3815 0.0293  13.0433 0.0000 0.4068
icov_c5c6    -0.1228 0.0331  -3.7059 0.0002 0.4266
RIvar_c1      0.8686 0.0947   9.1735 0.0000 0.0441
RIvar_c2      1.2037 0.1284   9.3761 0.0000 0.0273
RIvar_c3      1.0361 0.1124   9.2177 0.0000 0.0263
RIvar_c4      0.8115 0.0956   8.4866 0.0000 0.1076
RIvar_c5      0.7275 0.0890   8.1755 0.0000 0.0790
RIvar_c6      0.5526 0.0628   8.8016 0.0000 0.1102
RIcov_c1c2    0.7656 0.0961   7.9653 0.0000 0.0314
RIcov_c1c3    0.6964 0.0888   7.8468 0.0000 0.0210
RIcov_c1c4   -0.3516 0.0715  -4.9180 0.0000 0.0565
RIcov_c1c5    0.2741 0.0685   4.0023 0.0001 0.0702
RIcov_c1c6   -0.1864 0.0554  -3.3614 0.0008 0.0497
RIcov_c2c3    1.0731 0.1160   9.2496 0.0000 0.0166
RIcov_c2c4   -0.6116 0.0895  -6.8306 0.0000 0.0357
RIcov_c2c5    0.4635 0.0838   5.5310 0.0000 0.0619
RIcov_c2c6   -0.3171 0.0677  -4.6834 0.0000 0.0674
RIcov_c3c4   -0.5957 0.0857  -6.9516 0.0000 0.0521
RIcov_c3c5    0.4737 0.0793   5.9726 0.0000 0.0403
RIcov_c3c6   -0.2968 0.0636  -4.6702 0.0000 0.0727
RIcov_c4c5   -0.2782 0.0685  -4.0578 0.0000 0.0721
RIcov_c4c6    0.4574 0.0645   7.0888 0.0000 0.0922
RIcov_c5c6   -0.1164 0.0536  -2.1688 0.0301 0.0979
v_trait_o     0.4266 0.0422  10.0995 0.0000 0.0000
c_c1_trait_o  0.1223 0.0460   2.6585 0.0078 0.0416
c_c2_trait_o  0.0362 0.0526   0.6895 0.4905 0.0297
c_c3_trait_o  0.0576 0.0493   1.1684 0.2426 0.0306
c_c4_trait_o -0.0014 0.0451  -0.0320 0.9745 0.0645
c_c5_trait_o  0.0704 0.0438   1.6091 0.1076 0.0464
c_c6_trait_o  0.0130 0.0359   0.3612 0.7180 0.0285

RI-Trait correlations (standardized):
                 est     se      p
c_c1_trait_o  0.2010 0.0715 0.0050
c_c2_trait_o  0.0506 0.0731 0.4888
c_c3_trait_o  0.0867 0.0735 0.2378
c_c4_trait_o -0.0027 0.0767 0.9723
c_c5_trait_o  0.1264 0.0768 0.1000
c_c6_trait_o  0.0267 0.0738 0.7174

Mean fit indices:
     chisq         df     pvalue        cfi        tli      rmsea       srmr 
53477.7135 18801.0000     0.0000     0.3470     0.3565     0.0951     0.0827 


============================================================
STATE: STATE_A 
============================================================

--- Model 0 : state_a ---
Converged: 20 / 20 

Pooled parameters (Rubin's Rules):
                est     se       z     p    fmi
rim_c1       5.3286 0.0702 75.8964 0e+00 0.0359
mt_trait_a   3.3029 0.0441 74.9415 0e+00 0.0000
ar_c1        0.0959 0.0191  5.0342 0e+00 0.4733
v1_c1        2.4436 0.2779  8.7936 0e+00 0.2010
innov_c1     1.7520 0.0465 37.7175 0e+00 0.5340
RIvar_c1     0.9040 0.0989  9.1436 0e+00 0.0565
v_trait_a    0.3963 0.0392 10.0995 0e+00 0.0000
c_c1_trait_a 0.1594 0.0451  3.5372 4e-04 0.0113

RI-Trait correlations (standardized):
                est     se     p
c_c1_trait_a 0.2664 0.0681 1e-04

Mean fit indices:
    chisq        df    pvalue       cfi       tli     rmsea      srmr 
4088.1569  586.0000    0.0000    0.3811    0.4423    0.1712    0.0919 


--- Model 1 : state_a + happiness ---
Converged: 20 / 20 

Pooled parameters (Rubin's Rules):
                est     se       z      p    fmi
rim_c1       5.3272 0.0701 76.0395 0.0000 0.0346
rim_c2       5.2620 0.0754 69.8030 0.0000 0.0307
mt_trait_a   3.3029 0.0441 74.9414 0.0000 0.0000
ar_c1        0.0471 0.0224  2.0990 0.0358 0.4834
ar_c2        0.1393 0.0249  5.5958 0.0000 0.5780
cl_c2_c1     0.0884 0.0212  4.1756 0.0000 0.5088
cl_c1_c2     0.0247 0.0246  1.0045 0.3151 0.5117
v1_c1        2.4341 0.2772  8.7798 0.0000 0.2039
v1_c2        2.3849 0.3050  7.8192 0.0000 0.3584
cov1_c1c2    1.5537 0.2515  6.1778 0.0000 0.3236
innov_c1     1.7425 0.0466 37.3653 0.0000 0.5427
innov_c2     2.0230 0.0489 41.3370 0.0000 0.4404
icov_c1c2    0.9647 0.0374 25.7663 0.0000 0.4795
RIvar_c1     0.9007 0.0985  9.1437 0.0000 0.0551
RIvar_c2     1.0403 0.1129  9.2120 0.0000 0.0286
RIcov_c1c2   0.8772 0.0985  8.9042 0.0000 0.0223
v_trait_a    0.3963 0.0392 10.0995 0.0000 0.0000
c_c1_trait_a 0.1597 0.0450  3.5460 0.0004 0.0121
c_c2_trait_a 0.1810 0.0493  3.6741 0.0002 0.0345

RI-Trait correlations (standardized):
                est     se     p
c_c1_trait_a 0.2673 0.0681 1e-04
c_c2_trait_a 0.2820 0.0688 0e+00

Mean fit indices:
    chisq        df    pvalue       cfi       tli     rmsea      srmr 
9434.5239 2191.0000    0.0000    0.4809    0.5072    0.1273    0.0890 


--- Model 2 : state_a + happiness + selfesteem ---
Converged: 20 / 20 

Pooled parameters (Rubin's Rules):
                est     se       z      p    fmi
rim_c1       5.3264 0.0700 76.0447 0.0000 0.0348
rim_c2       5.2605 0.0753 69.8426 0.0000 0.0292
rim_c3       5.3210 0.0800 66.4807 0.0000 0.0219
mt_trait_a   3.3029 0.0441 74.9415 0.0000 0.0000
ar_c1        0.0420 0.0223  1.8812 0.0599 0.4489
ar_c2        0.0930 0.0272  3.4238 0.0006 0.5646
ar_c3        0.1235 0.0223  5.5374 0.0000 0.3954
cl_c2_c1     0.0770 0.0248  3.1039 0.0019 0.5559
cl_c3_c1     0.0248 0.0241  1.0260 0.3049 0.4986
cl_c1_c2     0.0036 0.0251  0.1445 0.8851 0.5059
cl_c3_c2     0.1024 0.0228  4.4997 0.0000 0.3476
cl_c1_c3     0.0065 0.0237  0.2752 0.7831 0.5151
cl_c2_c3     0.0675 0.0250  2.7006 0.0069 0.5597
v1_c1        2.4372 0.2768  8.8044 0.0000 0.2001
v1_c2        2.3699 0.3024  7.8369 0.0000 0.3588
v1_c3        1.8638 0.2329  8.0031 0.0000 0.3202
cov1_c1c2    1.5551 0.2509  6.1986 0.0000 0.3243
cov1_c1c3    1.1154 0.2036  5.4798 0.0000 0.2687
cov1_c2c3    1.4191 0.2333  6.0831 0.0000 0.3761
innov_c1     1.7417 0.0466 37.3818 0.0000 0.5423
innov_c2     2.0137 0.0490 41.0841 0.0000 0.4473
innov_c3     1.7564 0.0433 40.6002 0.0000 0.4601
icov_c1c2    0.9624 0.0374 25.7076 0.0000 0.4820
icov_c1c3    0.8069 0.0314 25.6584 0.0000 0.3856
icov_c2c3    1.0665 0.0362 29.4756 0.0000 0.4153
RIvar_c1     0.9000 0.0985  9.1385 0.0000 0.0559
RIvar_c2     1.0399 0.1129  9.2147 0.0000 0.0275
RIvar_c3     1.2033 0.1283  9.3771 0.0000 0.0267
RIcov_c1c2   0.8763 0.0985  8.9002 0.0000 0.0223
RIcov_c1c3   0.9095 0.1034  8.7948 0.0000 0.0227
RIcov_c2c3   1.0749 0.1162  9.2471 0.0000 0.0172
v_trait_a    0.3963 0.0392 10.0995 0.0000 0.0000
c_c1_trait_a 0.1599 0.0450  3.5514 0.0004 0.0120
c_c2_trait_a 0.1812 0.0493  3.6775 0.0002 0.0346
c_c3_trait_a 0.1303 0.0509  2.5582 0.0105 0.0106

RI-Trait correlations (standardized):
                est     se      p
c_c1_trait_a 0.2677 0.0681 0.0001
c_c2_trait_a 0.2823 0.0688 0.0000
c_c3_trait_a 0.1887 0.0701 0.0071

Mean fit indices:
     chisq         df     pvalue        cfi        tli      rmsea       srmr 
16327.6900  4815.0000     0.0000     0.5292     0.5447     0.1083     0.0887 


--- Model 3 : state_a + happiness + selfesteem + negativity ---
Converged: 20 / 20 

Pooled parameters (Rubin's Rules):
                 est     se        z      p    fmi
rim_c1        5.3271 0.0701  76.0388 0.0000 0.0354
rim_c2        5.2611 0.0753  69.8389 0.0000 0.0299
rim_c3        5.3218 0.0800  66.4850 0.0000 0.0224
rim_c4        2.5696 0.0701  36.6812 0.0000 0.0892
mt_trait_a    3.3029 0.0441  74.9417 0.0000 0.0000
ar_c1         0.0441 0.0225   1.9568 0.0504 0.4549
ar_c2         0.0921 0.0267   3.4555 0.0005 0.5298
ar_c3         0.1233 0.0225   5.4729 0.0000 0.4036
ar_c4         0.1087 0.0217   5.0136 0.0000 0.5290
cl_c2_c1      0.0829 0.0251   3.2971 0.0010 0.5503
cl_c3_c1      0.0272 0.0241   1.1313 0.2579 0.4917
cl_c4_c1      0.0218 0.0181   1.2084 0.2269 0.5452
cl_c1_c2      0.0033 0.0252   0.1320 0.8950 0.5049
cl_c3_c2      0.1020 0.0230   4.4371 0.0000 0.3568
cl_c4_c2     -0.0033 0.0175  -0.1902 0.8491 0.4381
cl_c1_c3      0.0065 0.0236   0.2735 0.7844 0.5086
cl_c2_c3      0.0672 0.0253   2.6547 0.0079 0.5532
cl_c4_c3     -0.0010 0.0173  -0.0593 0.9527 0.5007
cl_c1_c4      0.0167 0.0276   0.6054 0.5449 0.4837
cl_c2_c4     -0.0044 0.0259  -0.1682 0.8664 0.3842
cl_c3_c4     -0.0832 0.0262  -3.1763 0.0015 0.3768
v1_c1         2.4396 0.2770   8.8071 0.0000 0.1998
v1_c2         2.3709 0.3024   7.8415 0.0000 0.3581
v1_c3         1.8651 0.2329   8.0083 0.0000 0.3194
v1_c4         2.9497 0.3629   8.1272 0.0000 0.3100
cov1_c1c2     1.5569 0.2509   6.2055 0.0000 0.3234
cov1_c1c3     1.1170 0.2036   5.4861 0.0000 0.2678
cov1_c1c4    -0.6758 0.2416  -2.7968 0.0052 0.3193
cov1_c2c3     1.4205 0.2333   6.0891 0.0000 0.3753
cov1_c2c4    -0.6744 0.2403  -2.8060 0.0050 0.3267
cov1_c3c4    -0.4487 0.2105  -2.1316 0.0330 0.3226
innov_c1      1.7403 0.0461  37.7225 0.0000 0.5339
innov_c2      2.0134 0.0489  41.1673 0.0000 0.4451
innov_c3      1.7561 0.0433  40.5758 0.0000 0.4607
innov_c4      2.5287 0.0635  39.8380 0.0000 0.4802
icov_c1c2     0.9624 0.0374  25.7449 0.0000 0.4809
icov_c1c3     0.8069 0.0314  25.6941 0.0000 0.3843
icov_c1c4    -0.5569 0.0344 -16.1750 0.0000 0.3493
icov_c2c3     1.0663 0.0362  29.4891 0.0000 0.4148
icov_c2c4    -0.7854 0.0401 -19.5986 0.0000 0.4180
icov_c3c4    -0.5864 0.0348 -16.8717 0.0000 0.3514
RIvar_c1      0.8999 0.0985   9.1379 0.0000 0.0562
RIvar_c2      1.0395 0.1128   9.2186 0.0000 0.0267
RIvar_c3      1.2030 0.1283   9.3781 0.0000 0.0266
RIvar_c4      0.8121 0.0957   8.4847 0.0000 0.1082
RIcov_c1c2    0.8760 0.0984   8.8995 0.0000 0.0224
RIcov_c1c3    0.9091 0.1034   8.7934 0.0000 0.0229
RIcov_c1c4   -0.5295 0.0778  -6.8107 0.0000 0.0377
RIcov_c2c3    1.0745 0.1162   9.2493 0.0000 0.0168
RIcov_c2c4   -0.5972 0.0858  -6.9604 0.0000 0.0508
RIcov_c3c4   -0.6120 0.0895  -6.8405 0.0000 0.0337
v_trait_a     0.3963 0.0392  10.0995 0.0000 0.0000
c_c1_trait_a  0.1598 0.0450   3.5497 0.0004 0.0121
c_c2_trait_a  0.1810 0.0493   3.6750 0.0002 0.0347
c_c3_trait_a  0.1301 0.0509   2.5552 0.0106 0.0103
c_c4_trait_a -0.0883 0.0432  -2.0468 0.0407 0.0285

RI-Trait correlations (standardized):
                 est     se      p
c_c1_trait_a  0.2676 0.0681 0.0001
c_c2_trait_a  0.2821 0.0688 0.0000
c_c3_trait_a  0.1884 0.0701 0.0072
c_c4_trait_a -0.1559 0.0738 0.0348

Mean fit indices:
     chisq         df     pvalue        cfi        tli      rmsea       srmr 
25169.1656  8458.0000     0.0000     0.4787     0.4912     0.0984     0.0863 


--- Model 4 : state_a + happiness + selfesteem + negativity + positivity ---
Converged: 20 / 20 

Pooled parameters (Rubin's Rules):
                 est     se        z      p    fmi
rim_c1        5.3275 0.0700  76.0627 0.0000 0.0357
rim_c2        5.2612 0.0753  69.8986 0.0000 0.0298
rim_c3        5.3223 0.0801  66.4622 0.0000 0.0225
rim_c4        2.5693 0.0700  36.6800 0.0000 0.0897
rim_c5        4.4704 0.0679  65.8606 0.0000 0.0822
mt_trait_a    3.3029 0.0441  74.9416 0.0000 0.0000
ar_c1         0.0426 0.0224   1.8967 0.0579 0.4488
ar_c2         0.0853 0.0271   3.1523 0.0016 0.5326
ar_c3         0.1228 0.0225   5.4630 0.0000 0.4001
ar_c4         0.1038 0.0235   4.4159 0.0000 0.5741
ar_c5         0.1372 0.0214   6.4116 0.0000 0.4915
cl_c2_c1      0.0791 0.0260   3.0412 0.0024 0.5698
cl_c3_c1      0.0260 0.0241   1.0821 0.2792 0.4914
cl_c4_c1      0.0266 0.0188   1.4187 0.1560 0.5517
cl_c5_c1      0.0162 0.0156   1.0433 0.2968 0.5022
cl_c1_c2      0.0004 0.0250   0.0166 0.9868 0.4966
cl_c3_c2      0.1000 0.0229   4.3726 0.0000 0.3506
cl_c4_c2      0.0052 0.0183   0.2851 0.7756 0.4561
cl_c5_c2      0.0294 0.0150   1.9536 0.0507 0.3834
cl_c1_c3      0.0059 0.0236   0.2504 0.8023 0.5056
cl_c2_c3      0.0659 0.0259   2.5389 0.0111 0.5630
cl_c4_c3      0.0007 0.0174   0.0414 0.9670 0.4751
cl_c5_c3      0.0059 0.0145   0.4074 0.6837 0.4205
cl_c1_c4      0.0183 0.0276   0.6626 0.5076 0.4792
cl_c2_c4     -0.0004 0.0265  -0.0162 0.9871 0.3965
cl_c3_c4     -0.0822 0.0260  -3.1590 0.0016 0.3682
cl_c5_c4     -0.0162 0.0171  -0.9506 0.3418 0.3978
cl_c1_c5     -0.0237 0.0321  -0.7368 0.4613 0.5041
cl_c2_c5      0.0615 0.0321   1.9148 0.0555 0.4694
cl_c3_c5     -0.0032 0.0339  -0.0945 0.9247 0.5188
cl_c4_c5      0.0071 0.0242   0.2928 0.7697 0.4909
v1_c1         2.4386 0.2770   8.8035 0.0000 0.2004
v1_c2         2.3700 0.3028   7.8281 0.0000 0.3603
v1_c3         1.8624 0.2325   8.0096 0.0000 0.3192
v1_c4         2.9352 0.3608   8.1362 0.0000 0.3087
v1_c5         3.4683 0.4124   8.4103 0.0000 0.2587
cov1_c1c2     1.5557 0.2510   6.1985 0.0000 0.3246
cov1_c1c3     1.1144 0.2033   5.4816 0.0000 0.2675
cov1_c1c4    -0.6691 0.2409  -2.7773 0.0055 0.3195
cov1_c1c5     0.6478 0.2475   2.6179 0.0088 0.2457
cov1_c2c3     1.4182 0.2330   6.0858 0.0000 0.3754
cov1_c2c4    -0.6682 0.2393  -2.7930 0.0052 0.3250
cov1_c2c5     0.8786 0.2824   3.1114 0.0019 0.4088
cov1_c3c4    -0.4418 0.2094  -2.1098 0.0349 0.3208
cov1_c3c5     0.3738 0.2319   1.6120 0.1070 0.3520
cov1_c4c5    -1.0394 0.2875  -3.6154 0.0003 0.2884
innov_c1      1.7395 0.0459  37.8790 0.0000 0.5300
innov_c2      2.0113 0.0491  40.9899 0.0000 0.4499
innov_c3      1.7557 0.0433  40.5547 0.0000 0.4613
innov_c4      2.5283 0.0636  39.7841 0.0000 0.4816
innov_c5      3.2743 0.0747  43.8123 0.0000 0.3715
icov_c1c2     0.9613 0.0374  25.7024 0.0000 0.4822
icov_c1c3     0.8066 0.0314  25.6832 0.0000 0.3849
icov_c1c4    -0.5565 0.0344 -16.1599 0.0000 0.3501
icov_c1c5     0.5982 0.0369  16.2030 0.0000 0.2730
icov_c2c3     1.0658 0.0363  29.3696 0.0000 0.4196
icov_c2c4    -0.7845 0.0402 -19.5086 0.0000 0.4228
icov_c2c5     0.8613 0.0504  17.0996 0.0000 0.5272
icov_c3c4    -0.5863 0.0347 -16.8906 0.0000 0.3501
icov_c3c5     0.6024 0.0400  15.0666 0.0000 0.3741
icov_c4c5    -0.9969 0.0491 -20.3107 0.0000 0.3699
RIvar_c1      0.8992 0.0984   9.1385 0.0000 0.0561
RIvar_c2      1.0377 0.1125   9.2219 0.0000 0.0257
RIvar_c3      1.2041 0.1284   9.3807 0.0000 0.0263
RIvar_c4      0.8114 0.0957   8.4814 0.0000 0.1089
RIvar_c5      0.7293 0.0891   8.1841 0.0000 0.0783
RIcov_c1c2    0.8749 0.0983   8.9002 0.0000 0.0221
RIcov_c1c3    0.9090 0.1034   8.7941 0.0000 0.0227
RIcov_c1c4   -0.5288 0.0777  -6.8070 0.0000 0.0379
RIcov_c1c5    0.4299 0.0733   5.8620 0.0000 0.0502
RIcov_c2c3    1.0741 0.1161   9.2534 0.0000 0.0159
RIcov_c2c4   -0.5961 0.0857  -6.9541 0.0000 0.0515
RIcov_c2c5    0.4754 0.0794   5.9838 0.0000 0.0399
RIcov_c3c4   -0.6117 0.0895  -6.8354 0.0000 0.0343
RIcov_c3c5    0.4642 0.0839   5.5318 0.0000 0.0623
RIcov_c4c5   -0.2780 0.0686  -4.0535 0.0001 0.0719
v_trait_a     0.3963 0.0392  10.0995 0.0000 0.0000
c_c1_trait_a  0.1594 0.0450   3.5425 0.0004 0.0125
c_c2_trait_a  0.1805 0.0492   3.6661 0.0002 0.0352
c_c3_trait_a  0.1298 0.0509   2.5479 0.0108 0.0106
c_c4_trait_a -0.0881 0.0431  -2.0415 0.0412 0.0286
c_c5_trait_a  0.1259 0.0433   2.9082 0.0036 0.0641

RI-Trait correlations (standardized):
                 est     se      p
c_c1_trait_a  0.2671 0.0681 0.0001
c_c2_trait_a  0.2815 0.0688 0.0000
c_c3_trait_a  0.1879 0.0701 0.0074
c_c4_trait_a -0.1555 0.0738 0.0353
c_c5_trait_a  0.2342 0.0749 0.0018

Mean fit indices:
     chisq         df     pvalue        cfi        tli      rmsea       srmr 
36586.5411 13120.0000     0.0000     0.4290     0.4394     0.0936     0.0851 


--- Model 5 : state_a + happiness + selfesteem + negativity + positivity + adversity ---
Converged: 20 / 20 

Pooled parameters (Rubin's Rules):
                 est     se        z      p    fmi
rim_c1        5.3285 0.0700  76.0898 0.0000 0.0359
rim_c2        5.2612 0.0753  69.9069 0.0000 0.0300
rim_c3        5.3223 0.0801  66.4616 0.0000 0.0228
rim_c4        2.5694 0.0700  36.7021 0.0000 0.0896
rim_c5        4.4705 0.0678  65.9101 0.0000 0.0812
rim_c6        1.7753 0.0571  31.1183 0.0000 0.0320
mt_trait_a    3.3029 0.0441  74.9417 0.0000 0.0000
ar_c1         0.0433 0.0225   1.9262 0.0541 0.4488
ar_c2         0.0854 0.0270   3.1624 0.0016 0.5304
ar_c3         0.1223 0.0225   5.4486 0.0000 0.3989
ar_c4         0.0975 0.0237   4.1157 0.0000 0.5655
ar_c5         0.1369 0.0214   6.4028 0.0000 0.4904
ar_c6         0.0888 0.0223   3.9767 0.0001 0.5869
cl_c2_c1      0.0791 0.0260   3.0420 0.0024 0.5695
cl_c3_c1      0.0267 0.0239   1.1174 0.2638 0.4836
cl_c4_c1      0.0242 0.0188   1.2874 0.1980 0.5364
cl_c5_c1      0.0161 0.0156   1.0323 0.3020 0.5018
cl_c6_c1      0.0148 0.0209   0.7069 0.4796 0.3763
cl_c1_c2      0.0005 0.0249   0.0214 0.9829 0.4916
cl_c3_c2      0.1002 0.0229   4.3720 0.0000 0.3523
cl_c4_c2      0.0048 0.0189   0.2544 0.7992 0.4676
cl_c5_c2      0.0293 0.0150   1.9526 0.0509 0.3826
cl_c6_c2      0.0033 0.0219   0.1519 0.8793 0.3444
cl_c1_c3      0.0051 0.0236   0.2181 0.8273 0.5051
cl_c2_c3      0.0658 0.0259   2.5427 0.0110 0.5616
cl_c4_c3      0.0022 0.0182   0.1202 0.9043 0.4994
cl_c5_c3      0.0061 0.0144   0.4199 0.6746 0.4164
cl_c6_c3     -0.0112 0.0222  -0.5037 0.6145 0.4419
cl_c1_c4      0.0209 0.0276   0.7597 0.4475 0.4781
cl_c2_c4     -0.0004 0.0264  -0.0137 0.9891 0.3938
cl_c3_c4     -0.0803 0.0261  -3.0801 0.0021 0.3704
cl_c5_c4     -0.0171 0.0171  -0.9978 0.3184 0.4008
cl_c6_c4      0.0445 0.0252   1.7668 0.0773 0.3791
cl_c1_c5     -0.0223 0.0320  -0.6945 0.4874 0.5000
cl_c2_c5      0.0615 0.0323   1.9081 0.0564 0.4732
cl_c3_c5     -0.0019 0.0338  -0.0550 0.9562 0.5163
cl_c4_c5      0.0024 0.0245   0.0965 0.9231 0.4860
cl_c6_c5      0.0300 0.0299   1.0041 0.3153 0.4273
cl_c1_c6     -0.0267 0.0192  -1.3876 0.1652 0.4557
cl_c2_c6      0.0145 0.0204   0.7096 0.4779 0.4857
cl_c3_c6     -0.0088 0.0198  -0.4454 0.6561 0.4468
cl_c4_c6      0.0066 0.0150   0.4380 0.6614 0.4601
cl_c5_c6      0.0036 0.0136   0.2670 0.7894 0.5224
v1_c1         2.4382 0.2770   8.8032 0.0000 0.2006
v1_c2         2.3696 0.3030   7.8206 0.0000 0.3615
v1_c3         1.8627 0.2325   8.0118 0.0000 0.3190
v1_c4         2.9271 0.3585   8.1638 0.0000 0.3060
v1_c5         3.4640 0.4122   8.4040 0.0000 0.2598
v1_c6         1.2667 0.1705   7.4292 0.0000 0.4167
cov1_c1c2     1.5554 0.2511   6.1951 0.0000 0.3253
cov1_c1c3     1.1140 0.2032   5.4835 0.0000 0.2667
cov1_c1c4    -0.6643 0.2402  -2.7656 0.0057 0.3191
cov1_c1c5     0.6465 0.2473   2.6147 0.0089 0.2458
cov1_c1c6     0.0359 0.1539   0.2336 0.8153 0.3211
cov1_c2c3     1.4175 0.2329   6.0852 0.0000 0.3752
cov1_c2c4    -0.6642 0.2393  -2.7753 0.0055 0.3285
cov1_c2c5     0.8775 0.2825   3.1056 0.0019 0.4104
cov1_c2c6    -0.0319 0.1590  -0.2004 0.8412 0.3789
cov1_c3c4    -0.4423 0.2090  -2.1159 0.0344 0.3210
cov1_c3c5     0.3726 0.2320   1.6055 0.1084 0.3537
cov1_c3c6    -0.0795 0.1544  -0.5150 0.6065 0.4757
cov1_c4c5    -1.0298 0.2874  -3.5830 0.0003 0.2928
cov1_c4c6     0.4692 0.1901   2.4683 0.0136 0.4308
cov1_c5c6     0.0225 0.1929   0.1166 0.9072 0.3812
innov_c1      1.7391 0.0459  37.8778 0.0000 0.5301
innov_c2      2.0113 0.0490  41.0118 0.0000 0.4493
innov_c3      1.7554 0.0432  40.6410 0.0000 0.4590
innov_c4      2.5263 0.0633  39.9148 0.0000 0.4783
innov_c5      3.2732 0.0745  43.9195 0.0000 0.3684
innov_c6      1.2825 0.0296  43.2738 0.0000 0.3868
icov_c1c2     0.9612 0.0374  25.6668 0.0000 0.4837
icov_c1c3     0.8068 0.0314  25.6580 0.0000 0.3865
icov_c1c4    -0.5574 0.0345 -16.1664 0.0000 0.3520
icov_c1c5     0.5977 0.0368  16.2505 0.0000 0.2678
icov_c1c6    -0.2109 0.0248  -8.4948 0.0000 0.3959
icov_c2c3     1.0658 0.0363  29.3887 0.0000 0.4190
icov_c2c4    -0.7847 0.0403 -19.4574 0.0000 0.4266
icov_c2c5     0.8613 0.0503  17.1145 0.0000 0.5265
icov_c2c6    -0.2210 0.0303  -7.2968 0.0000 0.5309
icov_c3c4    -0.5857 0.0346 -16.9306 0.0000 0.3464
icov_c3c5     0.6028 0.0400  15.0881 0.0000 0.3733
icov_c3c6    -0.1811 0.0263  -6.8965 0.0000 0.4579
icov_c4c5    -0.9987 0.0491 -20.3417 0.0000 0.3707
icov_c4c6     0.4179 0.0336  12.4292 0.0000 0.5055
icov_c5c6    -0.1804 0.0357  -5.0521 0.0000 0.4568
RIvar_c1      0.8988 0.0983   9.1410 0.0000 0.0557
RIvar_c2      1.0372 0.1125   9.2178 0.0000 0.0265
RIvar_c3      1.2038 0.1284   9.3777 0.0000 0.0270
RIvar_c4      0.8105 0.0955   8.4856 0.0000 0.1077
RIvar_c5      0.7289 0.0891   8.1822 0.0000 0.0786
RIvar_c6      0.5956 0.0664   8.9652 0.0000 0.0811
RIcov_c1c2    0.8744 0.0983   8.8968 0.0000 0.0228
RIcov_c1c3    0.9086 0.1033   8.7923 0.0000 0.0231
RIcov_c1c4   -0.5282 0.0776  -6.8098 0.0000 0.0365
RIcov_c1c5    0.4300 0.0733   5.8665 0.0000 0.0497
RIcov_c1c6   -0.3197 0.0624  -5.1191 0.0000 0.0845
RIcov_c2c3    1.0737 0.1161   9.2504 0.0000 0.0166
RIcov_c2c4   -0.5960 0.0856  -6.9603 0.0000 0.0507
RIcov_c2c5    0.4749 0.0794   5.9823 0.0000 0.0394
RIcov_c2c6   -0.3277 0.0669  -4.8958 0.0000 0.0872
RIcov_c3c4   -0.6114 0.0895  -6.8345 0.0000 0.0349
RIcov_c3c5    0.4638 0.0838   5.5321 0.0000 0.0615
RIcov_c3c6   -0.3426 0.0707  -4.8468 0.0000 0.0721
RIcov_c4c5   -0.2780 0.0685  -4.0596 0.0000 0.0702
RIcov_c4c6    0.5098 0.0673   7.5738 0.0000 0.0641
RIcov_c5c6   -0.1355 0.0556  -2.4361 0.0148 0.0892
v_trait_a     0.3963 0.0392  10.0995 0.0000 0.0000
c_c1_trait_a  0.1597 0.0450   3.5486 0.0004 0.0128
c_c2_trait_a  0.1807 0.0492   3.6715 0.0002 0.0355
c_c3_trait_a  0.1300 0.0509   2.5519 0.0107 0.0107
c_c4_trait_a -0.0882 0.0431  -2.0464 0.0407 0.0281
c_c5_trait_a  0.1261 0.0433   2.9142 0.0036 0.0638
c_c6_trait_a -0.0793 0.0364  -2.1820 0.0291 0.0322

RI-Trait correlations (standardized):
                 est     se      p
c_c1_trait_a  0.2676 0.0681 0.0001
c_c2_trait_a  0.2820 0.0688 0.0000
c_c3_trait_a  0.1882 0.0701 0.0073
c_c4_trait_a -0.1558 0.0738 0.0348
c_c5_trait_a  0.2346 0.0748 0.0017
c_c6_trait_a -0.1634 0.0722 0.0237

Mean fit indices:
     chisq         df     pvalue        cfi        tli      rmsea       srmr 
53759.3828 18801.0000     0.0000     0.3647     0.3740     0.0955     0.0835 


============================================================
STATE: STATE_C 
============================================================

--- Model 0 : state_c ---
Converged: 20 / 20 

Pooled parameters (Rubin's Rules):
                est     se       z p    fmi
rim_c1       4.8070 0.0716 67.1607 0 0.0635
mt_trait_c   3.5826 0.0399 89.7168 0 0.0000
ar_c1        0.1249 0.0174  7.1829 0 0.3578
v1_c1        2.3696 0.2665  8.8930 0 0.1641
innov_c1     2.4663 0.0578 42.6896 0 0.4032
RIvar_c1     0.8828 0.0996  8.8624 0 0.0522
v_trait_c    0.3253 0.0322 10.0995 0 0.0000
c_c1_trait_c 0.1792 0.0425  4.2148 0 0.0494

RI-Trait correlations (standardized):
                est     se p
c_c1_trait_c 0.3343 0.0675 0

Mean fit indices:
    chisq        df    pvalue       cfi       tli     rmsea      srmr 
3986.8521  586.0000    0.0000    0.3161    0.3838    0.1687    0.0833 


--- Model 1 : state_c + selfesteem ---
Converged: 20 / 20 

Pooled parameters (Rubin's Rules):
                est     se       z      p    fmi
rim_c1       4.8061 0.0716 67.1488 0.0000 0.0634
rim_c2       5.3205 0.0802 66.3302 0.0000 0.0219
mt_trait_c   3.5826 0.0399 89.7167 0.0000 0.0000
ar_c1        0.1185 0.0176  6.7237 0.0000 0.3626
ar_c2        0.1671 0.0181  9.2204 0.0000 0.4009
cl_c2_c1     0.0484 0.0220  2.1978 0.0280 0.4514
cl_c1_c2     0.0073 0.0163  0.4492 0.6533 0.4846
v1_c1        2.3638 0.2656  8.8986 0.0000 0.1650
v1_c2        1.8682 0.2334  8.0045 0.0000 0.3195
cov1_c1c2    0.2320 0.1796  1.2914 0.1966 0.2669
innov_c1     2.4627 0.0576 42.7495 0.0000 0.4016
innov_c2     1.7615 0.0434 40.6331 0.0000 0.4592
icov_c1c2    0.3101 0.0374  8.2902 0.0000 0.4810
RIvar_c1     0.8828 0.0996  8.8616 0.0000 0.0523
RIvar_c2     1.2092 0.1289  9.3794 0.0000 0.0272
RIcov_c1c2   0.6510 0.0929  7.0040 0.0000 0.0337
v_trait_c    0.3253 0.0322 10.0995 0.0000 0.0000
c_c1_trait_c 0.1796 0.0425  4.2229 0.0000 0.0496
c_c2_trait_c 0.0962 0.0463  2.0757 0.0379 0.0255

RI-Trait correlations (standardized):
                est     se      p
c_c1_trait_c 0.3351 0.0675 0.0000
c_c2_trait_c 0.1533 0.0714 0.0317

Mean fit indices:
    chisq        df    pvalue       cfi       tli     rmsea      srmr 
9303.5806 2191.0000    0.0000    0.3978    0.4283    0.1261    0.0827 


--- Model 2 : state_c + selfesteem + happiness ---
Converged: 20 / 20 

Pooled parameters (Rubin's Rules):
                 est     se       z      p    fmi
rim_c1        4.8064 0.0716 67.1654 0.0000 0.0633
rim_c2        5.3201 0.0800 66.4802 0.0000 0.0218
rim_c3        5.2601 0.0753 69.8495 0.0000 0.0290
mt_trait_c    3.5826 0.0399 89.7167 0.0000 0.0000
ar_c1         0.1189 0.0175  6.7932 0.0000 0.3527
ar_c2         0.1244 0.0223  5.5919 0.0000 0.4214
ar_c3         0.0947 0.0251  3.7692 0.0002 0.5509
cl_c2_c1      0.0590 0.0284  2.0787 0.0376 0.5113
cl_c3_c1     -0.0174 0.0247 -0.7050 0.4808 0.4424
cl_c1_c2      0.0048 0.0163  0.2947 0.7682 0.4846
cl_c3_c2      0.0697 0.0238  2.9273 0.0034 0.5725
cl_c1_c3     -0.0043 0.0192 -0.2243 0.8225 0.5711
cl_c2_c3      0.1038 0.0231  4.4999 0.0000 0.3956
v1_c1         2.3631 0.2654  8.9055 0.0000 0.1640
v1_c2         1.8622 0.2336  7.9715 0.0000 0.3255
v1_c3         2.3668 0.3035  7.7975 0.0000 0.3637
cov1_c1c2     0.2301 0.1798  1.2793 0.2008 0.2717
cov1_c1c3     0.2384 0.2034  1.1719 0.2413 0.2837
cov1_c2c3     1.4198 0.2348  6.0477 0.0000 0.3841
innov_c1      2.4621 0.0575 42.8247 0.0000 0.3995
innov_c2      1.7565 0.0431 40.7322 0.0000 0.4565
innov_c3      2.0134 0.0488 41.2227 0.0000 0.4435
icov_c1c2     0.3114 0.0371  8.3827 0.0000 0.4752
icov_c1c3     0.2742 0.0417  6.5786 0.0000 0.5258
icov_c2c3     1.0664 0.0361 29.5659 0.0000 0.4116
RIvar_c1      0.8826 0.0996  8.8614 0.0000 0.0524
RIvar_c2      1.2030 0.1284  9.3727 0.0000 0.0275
RIvar_c3      1.0396 0.1129  9.2108 0.0000 0.0281
RIcov_c1c2    0.6502 0.0928  7.0059 0.0000 0.0348
RIcov_c1c3    0.6043 0.0873  6.9232 0.0000 0.0470
RIcov_c2c3    1.0745 0.1162  9.2433 0.0000 0.0177
v_trait_c     0.3253 0.0322 10.0995 0.0000 0.0000
c_c1_trait_c  0.1795 0.0425  4.2209 0.0000 0.0499
c_c2_trait_c  0.0959 0.0462  2.0738 0.0381 0.0259
c_c3_trait_c  0.0894 0.0435  2.0553 0.0399 0.0325

RI-Trait correlations (standardized):
                est     se      p
c_c1_trait_c 0.3350 0.0675 0.0000
c_c2_trait_c 0.1533 0.0714 0.0319
c_c3_trait_c 0.1538 0.0725 0.0338

Mean fit indices:
     chisq         df     pvalue        cfi        tli      rmsea       srmr 
16177.6692  4815.0000     0.0000     0.4659     0.4836     0.1076     0.0843 


--- Model 3 : state_c + selfesteem + happiness + duty ---
Converged: 20 / 20 

Pooled parameters (Rubin's Rules):
                 est     se       z      p    fmi
rim_c1        4.8063 0.0715 67.2552 0.0000 0.0615
rim_c2        5.3199 0.0800 66.4886 0.0000 0.0217
rim_c3        5.2595 0.0753 69.8588 0.0000 0.0286
rim_c4        4.1524 0.0807 51.4361 0.0000 0.0483
mt_trait_c    3.5826 0.0399 89.7167 0.0000 0.0000
ar_c1         0.1099 0.0174  6.3256 0.0000 0.3107
ar_c2         0.1244 0.0222  5.5940 0.0000 0.4196
ar_c3         0.0948 0.0252  3.7619 0.0002 0.5518
ar_c4         0.2273 0.0183 12.4255 0.0000 0.4004
cl_c2_c1      0.0612 0.0282  2.1702 0.0300 0.5053
cl_c3_c1     -0.0138 0.0246 -0.5588 0.5763 0.4386
cl_c4_c1      0.0326 0.0138  2.3668 0.0179 0.3296
cl_c1_c2      0.0050 0.0169  0.2983 0.7655 0.4930
cl_c3_c2      0.0696 0.0238  2.9247 0.0034 0.5702
cl_c4_c2     -0.0008 0.0153 -0.0533 0.9575 0.6135
cl_c1_c3     -0.0045 0.0198 -0.2277 0.8199 0.5767
cl_c2_c3      0.1038 0.0230  4.5114 0.0000 0.3916
cl_c4_c3      0.0010 0.0140  0.0729 0.9419 0.4712
cl_c1_c4      0.0160 0.0257  0.6211 0.5345 0.5350
cl_c2_c4     -0.0197 0.0309 -0.6381 0.5234 0.3741
cl_c3_c4      0.0022 0.0357  0.0614 0.9511 0.5945
v1_c1         2.3627 0.2653  8.9066 0.0000 0.1637
v1_c2         1.8624 0.2337  7.9675 0.0000 0.3262
v1_c3         2.3658 0.3036  7.7931 0.0000 0.3645
v1_c4         4.1081 0.4855  8.4621 0.0000 0.2404
cov1_c1c2     0.2291 0.1798  1.2746 0.2025 0.2713
cov1_c1c3     0.2363 0.2032  1.1625 0.2450 0.2829
cov1_c1c4     0.5622 0.2708  2.0759 0.0379 0.2771
cov1_c2c3     1.4195 0.2349  6.0441 0.0000 0.3848
cov1_c2c4    -0.2751 0.2423 -1.1355 0.2562 0.3042
cov1_c3c4    -0.2672 0.2772 -0.9641 0.3350 0.3312
innov_c1      2.4589 0.0579 42.4456 0.0000 0.4100
innov_c2      1.7561 0.0431 40.7182 0.0000 0.4569
innov_c3      2.0132 0.0487 41.3316 0.0000 0.4406
innov_c4      3.7420 0.0808 46.3289 0.0000 0.2970
icov_c1c2     0.3115 0.0374  8.3343 0.0000 0.4824
icov_c1c3     0.2742 0.0419  6.5500 0.0000 0.5304
icov_c1c4     0.6123 0.0486 12.5953 0.0000 0.3365
icov_c2c3     1.0662 0.0360 29.5759 0.0000 0.4112
icov_c2c4    -0.1816 0.0458 -3.9674 0.0001 0.4837
icov_c3c4    -0.2463 0.0486 -5.0651 0.0000 0.4739
RIvar_c1      0.8817 0.0996  8.8541 0.0000 0.0534
RIvar_c2      1.2027 0.1283  9.3731 0.0000 0.0274
RIvar_c3      1.0396 0.1129  9.2109 0.0000 0.0281
RIvar_c4      1.0861 0.1306  8.3184 0.0000 0.0765
RIcov_c1c2    0.6502 0.0927  7.0106 0.0000 0.0344
RIcov_c1c3    0.6043 0.0872  6.9272 0.0000 0.0467
RIcov_c1c4    0.0933 0.0816  1.1426 0.2532 0.0770
RIcov_c2c3    1.0743 0.1162  9.2439 0.0000 0.0176
RIcov_c2c4   -0.1246 0.0910 -1.3692 0.1709 0.0308
RIcov_c3c4   -0.1372 0.0862 -1.5911 0.1116 0.0465
v_trait_c     0.3253 0.0322 10.0995 0.0000 0.0000
c_c1_trait_c  0.1795 0.0425  4.2229 0.0000 0.0497
c_c2_trait_c  0.0958 0.0462  2.0726 0.0382 0.0259
c_c3_trait_c  0.0894 0.0435  2.0550 0.0399 0.0327
c_c4_trait_c  0.0783 0.0457  1.7133 0.0867 0.0188

RI-Trait correlations (standardized):
                est     se      p
c_c1_trait_c 0.3351 0.0675 0.0000
c_c2_trait_c 0.1532 0.0714 0.0320
c_c3_trait_c 0.1538 0.0725 0.0339
c_c4_trait_c 0.1318 0.0752 0.0797

Mean fit indices:
     chisq         df     pvalue        cfi        tli      rmsea       srmr 
25017.2310  8458.0000     0.0000     0.4154     0.4293     0.0980     0.0811 


--- Model 4 : state_c + selfesteem + happiness + duty + intellect ---
Converged: 20 / 20 

Pooled parameters (Rubin's Rules):
                 est     se       z      p    fmi
rim_c1        4.8054 0.0715 67.2356 0.0000 0.0627
rim_c2        5.3193 0.0800 66.5018 0.0000 0.0211
rim_c3        5.2592 0.0753 69.8492 0.0000 0.0287
rim_c4        4.1507 0.0806 51.4946 0.0000 0.0491
rim_c5        3.3916 0.0729 46.5162 0.0000 0.0598
mt_trait_c    3.5826 0.0399 89.7166 0.0000 0.0000
ar_c1         0.1083 0.0175  6.1946 0.0000 0.3136
ar_c2         0.1237 0.0224  5.5302 0.0000 0.4241
ar_c3         0.0948 0.0251  3.7839 0.0002 0.5459
ar_c4         0.2379 0.0208 11.4237 0.0000 0.4257
ar_c5         0.0970 0.0216  4.4988 0.0000 0.4619
cl_c2_c1      0.0624 0.0283  2.2045 0.0275 0.5075
cl_c3_c1     -0.0128 0.0247 -0.5175 0.6048 0.4407
cl_c4_c1      0.0266 0.0154  1.7303 0.0836 0.3276
cl_c5_c1      0.0133 0.0161  0.8286 0.4073 0.3684
cl_c1_c2      0.0061 0.0170  0.3575 0.7207 0.4932
cl_c3_c2      0.0690 0.0237  2.9141 0.0036 0.5648
cl_c4_c2      0.0032 0.0171  0.1895 0.8497 0.6094
cl_c5_c2     -0.0089 0.0134 -0.6673 0.5046 0.3514
cl_c1_c3     -0.0046 0.0198 -0.2306 0.8176 0.5737
cl_c2_c3      0.1038 0.0232  4.4751 0.0000 0.3995
cl_c4_c3      0.0013 0.0163  0.0784 0.9375 0.5115
cl_c5_c3     -0.0004 0.0155 -0.0253 0.9798 0.4460
cl_c1_c4      0.0186 0.0257  0.7268 0.4673 0.5286
cl_c2_c4     -0.0216 0.0312 -0.6944 0.4874 0.3818
cl_c3_c4      0.0005 0.0357  0.0153 0.9878 0.5922
cl_c5_c4     -0.0220 0.0218 -1.0123 0.3114 0.4767
cl_c1_c5     -0.0192 0.0236 -0.8149 0.4151 0.4506
cl_c2_c5     -0.0322 0.0317 -1.0132 0.3110 0.4140
cl_c3_c5      0.0105 0.0336  0.3123 0.7548 0.5472
cl_c4_c5      0.0982 0.0193  5.0761 0.0000 0.3632
v1_c1         2.3653 0.2657  8.9011 0.0000 0.1649
v1_c2         1.8621 0.2338  7.9642 0.0000 0.3268
v1_c3         2.3686 0.3036  7.8014 0.0000 0.3632
v1_c4         4.1096 0.4852  8.4698 0.0000 0.2399
v1_c5         4.1322 0.4794  8.6198 0.0000 0.2234
cov1_c1c2     0.2290 0.1798  1.2734 0.2029 0.2709
cov1_c1c3     0.2338 0.2033  1.1501 0.2501 0.2819
cov1_c1c4     0.5698 0.2714  2.0995 0.0358 0.2793
cov1_c1c5     0.7956 0.2763  2.8801 0.0040 0.2857
cov1_c2c3     1.4202 0.2349  6.0460 0.0000 0.3844
cov1_c2c4    -0.2803 0.2426 -1.1553 0.2480 0.3059
cov1_c2c5    -0.3004 0.2513 -1.1951 0.2321 0.3514
cov1_c3c4    -0.2752 0.2773 -0.9922 0.3211 0.3309
cov1_c3c5    -0.2624 0.2839 -0.9244 0.3553 0.3604
cov1_c4c5     2.5431 0.4171  6.0972 0.0000 0.2916
innov_c1      2.4582 0.0580 42.3897 0.0000 0.4116
innov_c2      1.7558 0.0431 40.7692 0.0000 0.4556
innov_c3      2.0128 0.0488 41.2654 0.0000 0.4424
innov_c4      3.7407 0.0805 46.4714 0.0000 0.2927
innov_c5      3.6772 0.0761 48.3461 0.0000 0.2347
icov_c1c2     0.3118 0.0374  8.3398 0.0000 0.4830
icov_c1c3     0.2741 0.0418  6.5615 0.0000 0.5289
icov_c1c4     0.6129 0.0484 12.6537 0.0000 0.3320
icov_c1c5     0.4733 0.0474  9.9827 0.0000 0.3255
icov_c2c3     1.0660 0.0361 29.5052 0.0000 0.4140
icov_c2c4    -0.1820 0.0457 -3.9819 0.0001 0.4824
icov_c2c5    -0.2730 0.0474 -5.7540 0.0000 0.5249
icov_c3c4    -0.2460 0.0486 -5.0628 0.0000 0.4736
icov_c3c5    -0.3187 0.0473 -6.7350 0.0000 0.4513
icov_c4c5     1.7197 0.0665 25.8729 0.0000 0.3806
RIvar_c1      0.8809 0.0995  8.8552 0.0000 0.0533
RIvar_c2      1.2027 0.1283  9.3754 0.0000 0.0269
RIvar_c3      1.0396 0.1129  9.2116 0.0000 0.0280
RIvar_c4      1.0813 0.1301  8.3113 0.0000 0.0772
RIvar_c5      0.8693 0.1053  8.2579 0.0000 0.0775
RIcov_c1c2    0.6498 0.0927  7.0100 0.0000 0.0343
RIcov_c1c3    0.6042 0.0872  6.9290 0.0000 0.0466
RIcov_c1c4    0.0918 0.0815  1.1269 0.2598 0.0786
RIcov_c1c5    0.0307 0.0725  0.4239 0.6717 0.0670
RIcov_c2c3    1.0744 0.1162  9.2458 0.0000 0.0173
RIcov_c2c4   -0.1247 0.0908 -1.3730 0.1698 0.0311
RIcov_c2c5   -0.2117 0.0851 -2.4879 0.0129 0.0817
RIcov_c3c4   -0.1376 0.0860 -1.6002 0.1096 0.0458
RIcov_c3c5   -0.2238 0.0803 -2.7882 0.0053 0.0837
RIcov_c4c5    0.7447 0.1011  7.3651 0.0000 0.0499
v_trait_c     0.3253 0.0322 10.0995 0.0000 0.0000
c_c1_trait_c  0.1793 0.0425  4.2200 0.0000 0.0494
c_c2_trait_c  0.0956 0.0462  2.0680 0.0386 0.0257
c_c3_trait_c  0.0893 0.0435  2.0529 0.0401 0.0324
c_c4_trait_c  0.0780 0.0456  1.7123 0.0868 0.0175
c_c5_trait_c  0.0652 0.0415  1.5691 0.1166 0.0455

RI-Trait correlations (standardized):
                est     se      p
c_c1_trait_c 0.3348 0.0675 0.0000
c_c2_trait_c 0.1528 0.0714 0.0324
c_c3_trait_c 0.1536 0.0725 0.0341
c_c4_trait_c 0.1316 0.0752 0.0799
c_c5_trait_c 0.1226 0.0765 0.1093

Mean fit indices:
     chisq         df     pvalue        cfi        tli      rmsea       srmr 
36638.6773 13120.0000     0.0000     0.3847     0.3959     0.0937     0.0804 


--- Model 5 : state_c + selfesteem + happiness + duty + intellect + adversity ---
Converged: 20 / 20 

Pooled parameters (Rubin's Rules):
                 est     se       z      p    fmi
rim_c1        4.8046 0.0715 67.2420 0.0000 0.0625
rim_c2        5.3194 0.0800 66.5047 0.0000 0.0215
rim_c3        5.2594 0.0753 69.8635 0.0000 0.0291
rim_c4        4.1497 0.0806 51.4699 0.0000 0.0507
rim_c5        3.3910 0.0729 46.5332 0.0000 0.0592
rim_c6        1.7779 0.0571 31.1474 0.0000 0.0351
mt_trait_c    3.5826 0.0399 89.7167 0.0000 0.0000
ar_c1         0.1082 0.0175  6.1818 0.0000 0.3140
ar_c2         0.1229 0.0224  5.4998 0.0000 0.4225
ar_c3         0.0950 0.0251  3.7807 0.0002 0.5459
ar_c4         0.2384 0.0208 11.4609 0.0000 0.4232
ar_c5         0.0971 0.0215  4.5158 0.0000 0.4559
ar_c6         0.0926 0.0213  4.3509 0.0000 0.5600
cl_c2_c1      0.0613 0.0285  2.1486 0.0317 0.5134
cl_c3_c1     -0.0136 0.0247 -0.5505 0.5820 0.4368
cl_c4_c1      0.0262 0.0154  1.7013 0.0889 0.3286
cl_c5_c1      0.0143 0.0161  0.8833 0.3771 0.3699
cl_c6_c1     -0.0156 0.0249 -0.6282 0.5299 0.4004
cl_c1_c2      0.0059 0.0169  0.3471 0.7285 0.4922
cl_c3_c2      0.0684 0.0239  2.8626 0.0042 0.5706
cl_c4_c2      0.0029 0.0171  0.1723 0.8632 0.6081
cl_c5_c2     -0.0084 0.0134 -0.6293 0.5292 0.3443
cl_c6_c2     -0.0107 0.0209 -0.5104 0.6098 0.3936
cl_c1_c3     -0.0046 0.0198 -0.2327 0.8160 0.5718
cl_c2_c3      0.1040 0.0233  4.4716 0.0000 0.4016
cl_c4_c3      0.0013 0.0164  0.0777 0.9381 0.5115
cl_c5_c3     -0.0006 0.0156 -0.0357 0.9716 0.4509
cl_c6_c3      0.0030 0.0215  0.1399 0.8888 0.3418
cl_c1_c4      0.0189 0.0256  0.7401 0.4592 0.5258
cl_c2_c4     -0.0204 0.0314 -0.6499 0.5158 0.3895
cl_c3_c4      0.0015 0.0353  0.0429 0.9657 0.5812
cl_c5_c4     -0.0230 0.0220 -1.0446 0.2962 0.4859
cl_c6_c4      0.0177 0.0318  0.5555 0.5785 0.4419
cl_c1_c5     -0.0189 0.0236 -0.8037 0.4216 0.4500
cl_c2_c5     -0.0322 0.0318 -1.0120 0.3116 0.4160
cl_c3_c5      0.0107 0.0336  0.3179 0.7505 0.5452
cl_c4_c5      0.0984 0.0193  5.0857 0.0000 0.3618
cl_c6_c5      0.0028 0.0292  0.0966 0.9231 0.3499
cl_c1_c6      0.0220 0.0118  1.8652 0.0622 0.2375
cl_c2_c6     -0.0180 0.0191 -0.9412 0.3466 0.4343
cl_c3_c6      0.0032 0.0187  0.1725 0.8631 0.4902
cl_c4_c6      0.0016 0.0111  0.1434 0.8860 0.3288
cl_c5_c6      0.0005 0.0128  0.0406 0.9676 0.4797
v1_c1         2.3619 0.2656  8.8917 0.0000 0.1666
v1_c2         1.8616 0.2338  7.9626 0.0000 0.3272
v1_c3         2.3659 0.3034  7.7982 0.0000 0.3639
v1_c4         4.1087 0.4849  8.4734 0.0000 0.2393
v1_c5         4.1305 0.4805  8.5968 0.0000 0.2287
v1_c6         1.2676 0.1694  7.4813 0.0000 0.4083
cov1_c1c2     0.2328 0.1801  1.2927 0.1961 0.2741
cov1_c1c3     0.2382 0.2032  1.1723 0.2411 0.2832
cov1_c1c4     0.5697 0.2711  2.1016 0.0356 0.2786
cov1_c1c5     0.7790 0.2760  2.8221 0.0048 0.2880
cov1_c1c6     0.1521 0.1627  0.9348 0.3499 0.3998
cov1_c2c3     1.4187 0.2346  6.0459 0.0000 0.3842
cov1_c2c4    -0.2796 0.2424 -1.1534 0.2487 0.3054
cov1_c2c5    -0.2995 0.2513 -1.1918 0.2333 0.3522
cov1_c2c6    -0.0817 0.1550 -0.5268 0.5983 0.4795
cov1_c3c4    -0.2742 0.2772 -0.9892 0.3226 0.3311
cov1_c3c5    -0.2579 0.2836 -0.9094 0.3631 0.3611
cov1_c3c6    -0.0379 0.1605 -0.2361 0.8133 0.3902
cov1_c4c5     2.5412 0.4177  6.0832 0.0000 0.2948
cov1_c4c6    -0.3107 0.2058 -1.5097 0.1311 0.3390
cov1_c5c6     0.0132 0.2014  0.0657 0.9476 0.3233
innov_c1      2.4577 0.0578 42.4864 0.0000 0.4089
innov_c2      1.7555 0.0430 40.8152 0.0000 0.4543
innov_c3      2.0128 0.0488 41.2801 0.0000 0.4420
innov_c4      3.7402 0.0803 46.5775 0.0000 0.2895
innov_c5      3.6769 0.0761 48.3453 0.0000 0.2348
innov_c6      1.2825 0.0298 43.1063 0.0000 0.3915
icov_c1c2     0.3114 0.0374  8.3195 0.0000 0.4845
icov_c1c3     0.2740 0.0417  6.5634 0.0000 0.5282
icov_c1c4     0.6134 0.0485 12.6361 0.0000 0.3352
icov_c1c5     0.4740 0.0474  9.9939 0.0000 0.3261
icov_c1c6    -0.0686 0.0313 -2.1933 0.0283 0.4716
icov_c2c3     1.0660 0.0361 29.5133 0.0000 0.4138
icov_c2c4    -0.1819 0.0458 -3.9762 0.0001 0.4839
icov_c2c5    -0.2729 0.0474 -5.7572 0.0000 0.5244
icov_c2c6    -0.1815 0.0264 -6.8818 0.0000 0.4623
icov_c3c4    -0.2461 0.0485 -5.0704 0.0000 0.4727
icov_c3c5    -0.3188 0.0473 -6.7452 0.0000 0.4502
icov_c3c6    -0.2205 0.0305 -7.2326 0.0000 0.5367
icov_c4c5     1.7197 0.0664 25.8802 0.0000 0.3804
icov_c4c6     0.0180 0.0369  0.4863 0.6268 0.4238
icov_c5c6     0.1863 0.0333  5.5870 0.0000 0.3003
RIvar_c1      0.8806 0.0995  8.8525 0.0000 0.0541
RIvar_c2      1.2022 0.1283  9.3713 0.0000 0.0278
RIvar_c3      1.0389 0.1128  9.2069 0.0000 0.0290
RIvar_c4      1.0800 0.1298  8.3192 0.0000 0.0755
RIvar_c5      0.8689 0.1052  8.2599 0.0000 0.0768
RIvar_c6      0.5943 0.0664  8.9501 0.0000 0.0840
RIcov_c1c2    0.6495 0.0926  7.0100 0.0000 0.0343
RIcov_c1c3    0.6038 0.0872  6.9274 0.0000 0.0470
RIcov_c1c4    0.0916 0.0814  1.1247 0.2607 0.0785
RIcov_c1c5    0.0304 0.0725  0.4191 0.6752 0.0666
RIcov_c1c6   -0.1696 0.0585 -2.8995 0.0037 0.0603
RIcov_c2c3    1.0738 0.1162  9.2419 0.0000 0.0182
RIcov_c2c4   -0.1239 0.0907 -1.3660 0.1720 0.0301
RIcov_c2c5   -0.2113 0.0851 -2.4836 0.0130 0.0824
RIcov_c2c6   -0.3416 0.0706 -4.8354 0.0000 0.0744
RIcov_c3c4   -0.1367 0.0858 -1.5930 0.1112 0.0440
RIcov_c3c5   -0.2235 0.0802 -2.7868 0.0053 0.0832
RIcov_c3c6   -0.3270 0.0670 -4.8801 0.0000 0.0899
RIcov_c4c5    0.7441 0.1010  7.3652 0.0000 0.0499
RIcov_c4c6    0.1082 0.0657  1.6472 0.0995 0.0680
RIcov_c5c6    0.2734 0.0620  4.4076 0.0000 0.0652
v_trait_c     0.3253 0.0322 10.0995 0.0000 0.0000
c_c1_trait_c  0.1791 0.0425  4.2175 0.0000 0.0491
c_c2_trait_c  0.0954 0.0462  2.0638 0.0390 0.0260
c_c3_trait_c  0.0890 0.0435  2.0482 0.0405 0.0323
c_c4_trait_c  0.0787 0.0456  1.7280 0.0840 0.0179
c_c5_trait_c  0.0655 0.0415  1.5764 0.1149 0.0458
c_c6_trait_c -0.0788 0.0329 -2.3985 0.0165 0.0249

RI-Trait correlations (standardized):
                 est     se      p
c_c1_trait_c  0.3345 0.0675 0.0000
c_c2_trait_c  0.1525 0.0715 0.0328
c_c3_trait_c  0.1532 0.0725 0.0345
c_c4_trait_c  0.1329 0.0752 0.0771
c_c5_trait_c  0.1232 0.0765 0.1076
c_c6_trait_c -0.1793 0.0714 0.0120

Mean fit indices:
     chisq         df     pvalue        cfi        tli      rmsea       srmr 
53428.5769 18801.0000     0.0000     0.3273     0.3370     0.0950     0.0794 


